20
715
39
5
14
2707
145
36
15
120
250
74
229
21
32
19
89
0
159
30
164
34
15
15
127
1539
48
179
404
143
950
29
84
155
113
217
165
47
121
192
666
1
82
29
1727
148
30
856
84
183
11
457
704
25
10
457
421
0
1
298
23
5
98
119
1273
173
25
6
395
1010
250
2030
33
45
126
1847
174
293
466
995
59
44
30
11
19
15
27
2787
24
365
3249
20
472
257
16
1450
455
31
179
48
253
142
190
8
30
18
53
4124
954
420
565
66
745
128
17
28
180
346
24
2383
15
2291
103
412
10
23
112
286
66
557
20
35
186
47
126
146
17
584
325
174
40
433
292
59
41
765
281
34
62
16
248
215
284
25
4
42
448
2153
2129
201
17
2
1290
53
212
19
26
364
128
618
923
53
25
2890
13
438
156
5302
277
94
711
15
253
48
40
24
262
57
153
7
403
285
83
847
32
23
125
1607
80
2368
51
104
95
19
89
10
713
594
20
1776
4
23
36
14
43
1531
381
12
86
915
829
5
317
107
335
75
53
906
26
33
14
22
15
22
915
1122
149
28
17
558
1071
97
256
33
20
114
644
442
425
136
15
82
123
447
245
64
41
39
16
208
1166
37
30
1003
238
539
195
6
30
31
41
10
9
2
38
153
990
23
201
449
387
25
28
94
102
452
415
26
63
56
60
293
27
12
1244
115
37
683
29
30
1540
53
34
1152
107
1522
25
10
822
41
19
50
115
544
1049
6
736
9
470
4
37
1187
699
15
51
166
317
55
242
565
15
67
65
42
121
237
687
214
628
1512
405
5
57
59
67
267
169
46
32
36
295
12
34
29
19
446
172
22
398
14
18
19
15
98
1687
2578
1239
250
200
59
386
804
6
2446
1769
152
4
288
203
199
549
1024
377
49
26
68
146
14
107
45
55
864
15
66
172
2
147
17
1057
129
170
202
1324
14
41
129
1379
85
140
366
100
35
689
66
1152
20
3167
815
6
71
9
544
19
789
21
49
127
17
8
63
33
124
89
38
693
82
59
411
306
1500
5504
1024
32
15
67
261
50
104
319
138
237
183
33
32
458
3
28
106
803
2
513
11
12
411
133
562
200
71
1732
296
6
416
22
277
22
105
72
167
238
2400
778
8
435
26
82
196
17
10
83
14
37
78
289
131
26
25
1188
115
1644
11
513
427
217
12
28
25
130
78
10
66
12
2063
821
17
149
310
229
7
77
889
20
887
55
2
15
63
135
1
212
15
31
303
45
6383
9
176
13
1616
406
28
195
27
144
1633
45
350
18
30
156
159
921
202
28
15
14
113
165
421
112
236
646
178
143
82
37
706
123
1468
1136
38
44
5
71
213
19
63
6
21
54
38
16
15
94
105
74
48
36
44
11
1074
19
970
833
36
9
92
23
43
456
18
45
1530
79
34
163
87
55
319
87
364
360
41
53
155
403
146
20
203
233
726
47
1456
18
189
118
8
399
890
489
852
2464
18
1626
806
26
122
138
185
28
1113
14
15
306
104
443
179
766
89
83
146
18
669
2304
159
745
275
417
39
96
149
18
29
71
102
32
224
601
480
2885
28
303
198
406
299
424
86
222
52
11
5764
9
147
81
17
685
269
308
0
750
728
564
22
1202
82
10
17
674
12
24
20
982
52
194
847
146
144
1848
36
98
716
745
140
175
5
21
20
14
20
485
218
760
66
44
132
150
1488
409
14
14
2163
203
39
152
842
3523
32
18
303
2313
28
819
143
185
322
2554
25
25
47
10
552
537
133
261
113
480
48
2322
44
115
318
201
508
51
30
1386
923
7
146
112
186
215
129
7
231
142
2087
760
232
229
69
1560
8
38
656
20
782
35
8
141
17
219
24
87
105
28
2243
124
21
32
451
376
213
54
469
41
363
74
139
10
377
162
237
39
314
257
603
26
447
58
38
20
6822
62
11
28
115
163
220
708
882
6
1217
41
55
113
20
35
352
169
10
8
34
65
23
20
20
37
182
274
52
42
26
3424
399
100
1128
85
13
626
1
1882
3
9
58
25
90
8180
22
58
102
24
155
760
172
269
176
11
68
305
10
187
330
5
60
22
35
176
146
263
15
126
13
24
186
157
4
1332
71
600
589
20
10
527
64
605
297
1491
474
135
90
1455
172
269
10
438
240
1146
132
529
293
161
200
44
267
151
160
13
2135
39
12
80
81
984
88
5221
16
248
9
491
22
142
22
151
1065
87
797
48
71
5
425
19
55
33
63
39
54
203
35
385
4160
28
7
164
286
65
38
655
892
24
54
41
18
21
652
28
1329
588
40
644
1359
210
48
1433
31
1714
107
799
24
67
97
376
18
26
129
8464
24
515
285
54
16
968
20
72
86
144
85
12
38
26
7
32
54
85
55
41
3
1786
34
80
125
107
424
368
22
372
285
41
93
82
486
102
80
745
152
137
20
783
25
4091
204
1178
553
257
31
460
3
66
34
18
39
37
11
312
448
1780
15
125
18
100
19
359
18
182
265
61
123
1986
15
279
410
1680
1264
10
161
0
366
35
21
456
198
531
539
58
172
342
1260
11
29
16
19
17
290
16
106
757
211
117
75
5
517
230
166
18
1141
98
199
58
1185
84
10
44
19
363
477
105
694
78
69
6
19
19
31
222
148
442
42
14
5
321
30
91
63
134
986
63
2339
11
578
607
695
114
16
35
36
52
15
106
838
20
76
72
535
78
23
49
6
632
6
40
3719
9
72
40
32
177
400
15
26
14
322
31
21
513
148
1071
7
12
8
165
725
566
26
17
9
1561
89
242
19
3
101
38
20
45
236
521
22
22
83
952
345
736
659
57
1112
216
60
1159
131
2
143
195
4
215
28
361
272
61
372
45
594
3
643
248
141
30
9
15
111
390
1265
8
144
130
81
369
269
27
84
196
394
9
351
168
18
342
528
76
932
21
476
283
300
693
26
232
134
422
19
1380
5514
246
501
22
13
69
44
217
25
9
43
30
152
23
19
8
1
18
55
1038
19
20
1295
12
46
338
37
219
50
20
203
21
133
243
23
45
1
11
9
132
31
1
19
61
207
180
51
15
15
60
72
20
138
122
2286
434
567
68
366
1514
43
73
217
74
149
26
14
37
143
61
5
6
392
876
131
56
197
26
29
26
88
15
1461
254
6
153
30
1
29
8
286
93
2
20
237
70
11
21
15
176
132
452
330
19
76
59
200
8
12
30
9
769
151
92
1
5
89
27
218
151
120
20
59
308
6
145
97
1166
13
441
133
119
424
1012
6
470
52
722
50
352
262
67
10
211
5
5
174
32
35
19
374
128
208
12
1440
286
7
171
17
249
32
122
125
128
63
816
8
101
17
5
672
1685
626
467
2
164
211
24
22
1103
5
57
624
19
189
558
239
714
18
197
19
13
410
1
408
56
25
3696
30
40
10
25
85
15
19
92
433
695
23
37
43
180
14
1218
825
29
88
19
2113
31
536
140
59
27
32
10
24
926
10
151
12
1023
322
16
428
400
187
161
910
18
109
50
61
10
135
22
1108
604
76
96
590
535
1041
9
779
81
14
3
246
103
34
75
150
129
4219
1291
23
16
15
7
59
178
27
38
123
25
35
475
196
4
40
5
57
4
11
71
301
99
377
294
108
21
1
4
25
66
1026
478
621
22
306
273
18
15
48
12
868
138
14
57
96
1034
146
60
565
105
57
278
16
20
125
101
16
59
268
992
9
503
301
17
9
18
11
13
1005
3788
77
14
73
199
69
29
52
19
25
3481
7
377
2279
32
468
43
528
668
675
339
38
35
27
19
427
18
21
8
37
1270
30
36
48
36
272
0
15
24
499
17
453
35
34
47
119
138
58
221
216
108
52
39
15
84
70
174
5
13
17
169
1416
98
36
339
271
16
8
36
28
146
335
34
59
27
32
300
150
185
174
132
817
180
44
21
2052
28
3
4
5
144
186
22
715
18
323
153
665
1043
491
160
338
29
192
11
1632
22
77
1783
102
5
56
51
677
174
27
494
555
116
423
14
657
199
285
78
166
35
9
108
598
268
33
122
26
543
35
643
478
514
74
1045
34
266
190
97
80
63
26
306
12
11
21
35
182
138
7
144
297
410
14
22
15
59
762
159
189
421
136
70
30
7
28
84
129
1862
2021
12
21
113
903
31
229
98
1934
22
73
66
824
2
13
63
410
21
19
22
97
36
180
33
199
70
2056
91
69
24
238
447
92
12
11
187
28
13
3063
15
42
182
61
2043
8376
277
3
270
297
420
1
20
260
13
190
17
745
8
141
400
20
4149
73
148
0
20
18
249
19
299
10
66
37
16
309
154
195
31
157
31
45
506
32
87
18
81
172
336
26
736
32
997
166
12
26
33
131
462
133
111
468
602
503
22
57
577
9
575
461
675
171
658
15
3
84
827
17
429
308
2576
22
7
2535
177
51
21
12
54
240
259
262
13
47
152
750
555
138
21
228
179
1721
1206
95
30
91
521
8
241
10
132
11
432
46
26
576
674
520
808
487
169
80
247
351
187
69
624
23
33
294
8
2410
735
98
196
283
8545
139
25
383
49
17
12
284
2251
9
11
42
122
12
6
2934
53
25
137
267
406
36
277
421
1147
65
89
88
53
595
68
19
63
56
2
1581
227
883
48
14
21
23
124
140
83
324
15
440
2
176
542
40
346
306
27
137
