70
29
511
136
18
18
9
23
197
207
20
20
16
203
291
411
15
39
51
299
140
23
318
14
18
641
319
149
37
136
124
98
192
510
120
41
2930
33
7
6
115
142
15
23
224
157
16
38
27
201
301
1305
111
232
535
349
140
18
110
199
10
29
113
48
530
68
23
126
4286
29
2746
139
888
12
414
97
30
16
39
255
18
16
154
229
169
86
63
220
318
217
33
42
289
197
71
81
629
84
860
66
90
462
256
122
575
258
497
480
597
12
21
75
17
20
3869
14
1065
352
11
499
2
13
1001
2587
524
82
158
299
91
73
267
586
190
436
1748
63
146
746
229
6
414
15
294
102
264
28
14
25
14
688
150
280
634
61
41
243
313
4494
69
12
41
412
336
386
26
21
837
149
301
66
385
328
13
140
68
303
15
185
15
18
78
817
141
16
103
379
17
9511
1028
157
61
64
611
259
338
595
185
139
1136
29
113
310
701
10
78
240
642
10
211
358
32
363
17
191
19
168
645
313
240
700
106
26
382
417
58
175
5
127
98
112
156
966
967
35
11
19
110
142
1850
1929
631
11
68
258
6583
7625
1222
2421
391
1266
133
81
1267
14
70
96
85
417
11
11
18
362
1974
194
298
8
62
78
227
88
27
16
594
35
249
41
107
86
104
17
45
16
620
11
227
615
33
16
52
1488
8
95
28
182
21
870
55
66
1811
943
348
49
273
1113
262
32
19
92
63
28
504
5
392
113
43
125
493
220
20
304
79
4
237
338
682
54
201
24
479
129
91
80
23
4
63
495
47
1030
226
23
789
365
137
432
391
2931
110
49
20
11
337
152
369
134
93
43
174
60
136
49
253
101
162
102
25
2168
28
149
49
40
19
20
73
686
421
791
141
70
433
130
300
46
787
221
74
32
632
131
34
24
446
84
164
141
1893
182
55
173
59
20
7
183
16
881
16
797
29
180
47
69
207
164
0
114
405
114
398
131
282
28
180
503
1674
11
417
1013
63
1397
11
5
216
34
109
99
541
686
89
63
35
85
328
571
5
382
148
31
8
1820
12
73
1218
54
322
169
19
300
470
75
43
79
74
316
77
429
110
9
35
331
8
276
340
516
879
498
24
125
65
138
124
509
59
18
75
271
935
44
159
51
102
52
111
101
158
326
52
107
98
89
13
135
207
38
237
73
19
658
316
92
11
35
71
16
58
88
295
438
235
309
140
226
1410
4062
14
20
352
105
17
919
269
41
4
20
3712
225
15
20
59
235
452
11
100
120
1843
72
512
105
1420
246
630
189
84
16
8
3703
237
2229
134
53
277
2571
128
101
102
14
2340
133
40
16
49
23
8
21
7
144
431
46
22
72
22
1327
35
27
66
229
1445
304
23
70
140
235
11
307
105
47
481
115
13
256
260
23
63
172
140
16
52
49
30
287
27
58
127
461
144
378
13
190
75
429
454
430
6
348
12
107
7839
83
109
38
26
44
23
528
16
260
145
322
37
0
115
23
522
58
302
25
113
518
7
189
141
78
265
152
774
156
255
22
231
100
88
1208
11
604
106
161
215
114
125
113
68
1087
266
423
42
472
427
119
602
289
13
577
529
150
2339
265
79
296
430
198
828
16
103
29
434
193
16
24
12
140
444
140
465
268
26
998
43
282
149
44
3811
26
60
1149
5
290
25
9
21
278
146
60
70
16
104
176
321
176
1438
36
43
38
505
196
79
464
507
24
976
408
16
221
26
68
278
236
8
318
78
1291
697
2
921
83
1246
262
279
183
507
791
56
58
41
394
87
84
75
503
521
117
37
69
23
1003
325
1584
1002
76
194
815
72
122
87
22
14
1581
226
256
39
550
126
21
55
515
101
15
12
258
11
171
10
132
242
138
48
76
173
11
3586
543
121
420
373
26
435
24
166
21
57
473
22
9
255
526
154
15
880
789
2130
1393
89
11
8
1161
84
42
3290
47
288
1001
1552
1670
2
142
382
18
22
55
959
1533
43
547
32
543
16
724
62
93
15
9
245
1352
463
194
199
516
255
303
158
175
56
449
21
121
106
42
5972
97
7
86
716
48
7
33
105
330
622
32
31
348
599
99
64
66
209
250
25
691
22
248
127
207
41
73
277
18
113
343
21
22
149
104
80
2501
111
3003
15
553
394
25
562
358
253
27
83
238
62
206
564
468
20
4437
1156
17
102
112
24
237
38
18
506
58
161
483
627
193
741
46
423
1398
926
101
218
25
322
95
169
40
3982
54
14
131
13
39
250
125
11
102
123
35
248
46
38
39
499
117
40
53
542
629
129
204
9
32
1376
22
212
196
137
247
233
7
31
206
495
1389
441
247
1173
13
35
621
25
15
17
48
975
1627
241
5
879
22
208
8
160
206
152
295
759
1132
30
856
154
78
47
1905
113
69
20
74
2528
742
52
5
110
241
28
148
17
836
2
611
181
1970
31
58
138
14
167
156
26
537
43
599
833
12
41
423
16
3415
37
85
71
228
92
37
39
67
216
111
619
326
184
251
79
1
12
1125
245
30
2567
328
430
14
120
667
30
307
237
169
488
71
117
103
29
31
513
71
43
12
470
309
31
327
9
1344
130
778
17
1088
21
78
130
3
533
536
276
44
10
116
4
1552
127
90
46
158
160
394
2335
170
28
70
923
1268
11
61
472
201
69
267
82
2278
21
119
328
476
236
1205
56
114
2
62
166
333
30
14
10
209
15
90
841
481
33
208
163
2255
2252
146
202
676
30
379
60
199
1208
6164
245
2929
71
151
270
147
152
1026
13
406
167
18
111
113
140
36
163
62
747
97
641
11
64
1907
111
78
12
92
1181
123
975
33
75
250
21
566
7
225
33
941
21
252
3032
927
55
430
44
5
19
270
52
158
56
50
7
37
118
284
266
83
11
21
977
84
16
26
124
56
127
187
106
400
66
91
69
821
109
149
179
16
70
265
125
19
35
2142
78
39
238
374
91
33
15
149
294
292
585
3056
768
201
94
33
234
235
234
133
590
30
31
188
456
339
31
68
171
8
16
17
132
97
114
238
364
132
38
104
39
69
302
45
13
691
58
312
34
87
684
65
30
24
139
153
86
1564
29
152
8914
23
235
140
277
999
197
190
220
7
283
21
248
3069
30
13
54
2
882
729
15
21
7
175
9
24
61
17
161
178
11
72
502
632
52
18
94
175
209
2214
186
410
464
180
577
185
918
4
995
8
212
18
552
15
303
26
81
6764
1500
21
182
53
32
889
316
10
58
400
121
51
61
40
3235
302
635
420
373
78
139
97
385
322
199
237
1579
609
5
258
55
18
386
148
60
379
290
167
36
694
6
27
0
171
46
65
5
26
378
58
33
272
304
144
166
922
76
123
349
254
47
17
525
10
34
23
31
30
13
1374
49
429
112
43
101
80
44
48
226
337
431
11
19
68
107
16
545
291
78
23
268
132
1116
138
592
548
143
16
5
167
152
23
220
244
81
38
128
9
228
130
7
98
414
180
263
1213
1027
60
681
75
179
278
136
481
162
94
11
122
119
6
262
145
30
610
16
24
183
616
245
554
700
355
1214
29
465
1602
22
327
231
538
216
4
48
277
113
170
170
7
99
41
151
291
111
411
409
6
69
19
140
64
1098
20
572
370
192
25
1503
234
76
228
76
19
107
21
279
199
15
431
46
256
167
27
19
8
59
21
886
84
56
148
14
14
28
22
123
200
83
41
678
41
200
59
4
57
97
21
21
128
8
11
8
26
32
475
1742
133
69
640
35
72
230
22
51
185
280
29
100
959
212
43
7
2939
393
862
166
25
98
238
1029
346
90
41
403
380
226
7
181
73
14
67
17
514
868
315
268
23
35
119
266
432
2264
571
193
14
107
331
40
139
679
131
267
6
217
459
20
13
50
370
435
506
151
2021
499
9444
417
44
750
3284
820
1027
93
306
219
4955
826
207
973
372
337
345
47
517
98
21
542
133
204
87
417
266
779
707
266
444
123
8
57
218
83
278
34
73
43
11
21
61
109
253
78
241
208
66
486
44
4
42
20
19
57
22
1141
20
147
473
5
274
273
108
55
87
236
13
59
17
425
15
235
439
115
142
15
23
224
157
16
38
27
201
301
1305
111
232
535
349
140
18
110
199
10
29
113
48
530
68
23
126
4286
29
2746
139
888
12
414
97
30
16
39
255
18
16
154
229
169
86
63
220
318
217
33
42
289
197
71
81
629
84
860
66
90
462
256
122
575
258
497
480
597
12
21
75
17
20
3869
14
1065
352
11
499
2
13
1001
2587
524
82
158
299
91
73
267
586
190
436
1748
63
146
746
229
6
414
15
294
102
264
28
14
25
14
688
150
280
634
61
41
243
313
4494
69
12
41
412
336
386
26
21
837
149
301
66
385
328
13
140
68
303
15
185
15
18
78
817
141
16
103
379
17
9511
1028
157
61
64
611
259
338
595
185
139
1136
29
113
310
701
10
78
240
642
10
211
358
32
363
17
191
19
168
645
313
240
700
106
26
382
417
58
175
5
127
98
112
156
966
967
35
11
19
110
142
1850
1929
631
11
68
258
6583
7625
1222
2421
391
1266
133
81
1267
14
70
96
85
417
11
11
18
362
1974
194
298
8
62
78
227
88
27
16
594
35
249
41
107
86
104
17
45
16
620
11
227
615
33
16
52
1488
8
95
28
182
