297
11
436
617
749
15
8
310
10
68
64
2022
32
32
723
625
19
12
230
163
1341
53
250
11
486
236
177
343
188
159
436
31
273
187
137
76
216
23
216
752
257
48
121
132
512
136
39
987
2176
30
164
5
24
81
97
88
144
127
246
160
55
302
35
264
143
109
717
255
344
199
143
27
74
81
139
0
974
324
250
26
141
32
43
116
31
301
33
144
338
169
429
44
31
21
17
834
165
356
24
152
35
19
12
193
87
315
36
58
460
36
2
64
198
616
36
161
55
10
94
189
12
6886
21
328
189
617
360
13
21
276
345
44
180
214
240
17
13
37
260
988
377
15
41
190
1949
76
106
573
654
64
534
248
183
274
106
15
1105
20
1902
1162
129
218
379
23
8
812
54
98
177
28
83
543
9566
226
143
533
68
1156
1581
421
2558
321
45
12
7
51
126
56
34
17
587
207
85
107
11
431
72
161
24
1715
208
1192
70
436
19
178
435
6
99
166
37
673
2487
27
500
27
110
305
29
15
27
956
27
188
262
1678
2260
270
699
13
69
186
76
891
15
332
126
97
113
407
103
288
25
197
86
50
501
80
1909
2196
14
229
173
235
140
77
131
36
1591
68
18
346
400
180
16
12
52
188
201
78
41
81
30
82
7
86
127
409
267
30
469
223
17
44
4
210
109
367
16
1646
520
221
216
570
229
41
303
98
139
97
16
14
6410
306
7
213
845
57
95
16
613
345
22
302
24
833
346
25
484
16
41
99
143
34
53
110
178
27
1963
111
83
48
1596
390
65
27
18
334
167
13
11
5
279
441
142
87
77
57
159
431
284
14
2
608
2542
57
37
29
30
1258
29
79
164
351
39
455
74
14
63
55
229
243
40
32
96
190
45
76
152
110
45
534
219
15
108
173
142
273
13
213
95
18
62
109
194
763
267
44
56
61
1360
7
20
236
317
210
24
372
463
82
97
106
46
404
84
9
901
7
689
33
133
27
159
131
82
67
19
329
8
6
174
23
540
257
36
57
70
903
458
1189
351
229
3272
74
260
1084
74
491
16
68
197
32
41
215
7
1129
1905
158
18
147
200
305
44
45
169
429
185
87
9
160
69
144
164
92
43
429
308
34
63
358
326
28
764
1115
21
162
116
19
464
605
67
271
463
83
402
31
427
460
91
464
20
78
46
16
193
1972
359
27
271
258
10
110
539
6
195
37
26
7
56
174
66
0
387
28
265
242
41
138
42
130
135
219
140
314
58
83
137
40
119
16
119
15
225
154
37
595
627
103
31
105
371
15
57
257
60
2184
404
125
314
183
370
157
38
67
19
87
509
69
44
221
484
30
197
158
24
303
13
247
4
9
146
391
144
113
23
88
23
77
707
617
198
197
170
11
188
901
18
1882
999
1072
44
275
49
335
96
648
65
30
1103
177
14
153
104
33
11
273
695
48
848
331
206
337
144
120
178
80
373
138
61
391
216
20
50
684
5055
1399
70
358
333
18
1499
15
10
23
30
12
26
623
5
89
52
339
399
178
11
131
267
1606
911
556
19
58
120
7
837
146
28
705
508
189
147
87
354
15
12
77
162
70
59
16
104
94
127
27
49
10
611
147
12
59
6808
42
59
1197
28
212
34
865
22
144
27
127
102
19
227
48
182
186
200
170
72
42
26
35
50
140
724
70
290
76
20
426
28
7856
143
623
63
59
9
20
927
20
189
35
18
473
22
183
114
184
301
131
1580
31
288
3707
162
10
287
18
23
44
27
665
106
26
35
605
310
45
3
128
43
456
54
4
478
42
520
60
13
31
1440
28
112
515
64
284
195
186
116
56
60
26
1092
818
47
16
2321
518
21
108
125
181
320
1754
173
6
929
28
74
235
1560
12
150
48
41
801
6702
366
1099
49
12
177
112
124
25
1
917
34
27
38
1
24
426
11
375
1049
391
286
56
232
2905
8
5
207
43
1364
9
186
191
135
317
509
278
17
7
207
101
114
253
71
10
161
174
14
62
16
28
999
26
624
31
357
21
103
429
31
144
27
32
40
710
266
69
278
139
706
124
1164
234
318
238
57
155
275
99
52
25
117
344
14
521
99
763
419
4294
135
6
262
21
77
51
248
19
81
486
261
24
152
23
210
69
271
104
101
362
270
8
44
497
435
56
376
109
5627
574
181
61
26
321
60
169
430
14
267
189
26
93
130
14
7
85
29
39
241
67
152
15
109
268
75
197
56
78
374
22
288
175
125
64
79
34
103
339
18
266
97
111
94
197
369
81
553
12
244
168
504
238
360
273
1
81
182
212
101
340
336
172
81
12
11
39
138
32
49
70
354
280
838
15
552
569
34
23
274
45
325
365
80
54
312
219
92
5
500
56
18
186
37
495
21
180
207
19
19
168
179
13
59
323
27
117
319
23
7
18
118
127
9
16
54
137
51
41
60
45
44
53
153
1190
200
3
28
188
12
20
53
8
78
31
68
1003
16
320
143
47
27
194
603
58
16
18
97
97
50
2318
405
48
21
34
520
32
1522
136
1456
58
61
12
14
301
21
13
44
32
336
82
481
252
111
81
70
225
119
25
92
34
315
3683
4
546
23
92
1366
41
42
132
238
183
137
117
16
9
71
80
1474
133
54
15
44
15
2
383
644
441
19
95
580
17
61
159
1114
502
124
237
121
151
19
2814
66
505
34
22
897
131
481
76
76
227
108
528
420
223
1261
1205
302
31
18
983
54
117
14
14
113
276
20
365
9
166
540
43
36
1429
264
76
455
329
284
283
368
227
133
41
178
2764
246
213
569
10
12
63
206
414
126
208
10
257
489
21
188
625
239
343
34
3365
264
54
201
598
24
225
101
174
180
1316
28
147
105
191
47
1086
23
128
3
759
416
18
103
434
809
26
126
13
41
119
29
1090
1314
238
37
124
1026
40
500
228
343
46
267
100
333
25
296
52
79
9
96
128
4566
1355
241
176
157
8
171
55
372
145
17
72
525
169
26
663
9
41
129
16
362
56
361
13
49
54
45
1529
6
2289
412
21
129
27
344
196
20
11
66
2963
48
79
18
697
73
88
227
34
25
142
18
163
42
113
386
36
333
277
912
501
36
534
14
361
30
1115
348
409
49
879
133
683
258
121
250
39
21
296
46
27
73
12
23
506
47
184
152
1935
207
172
578
453
19
295
20
228
24
47
96
34
1343
128
479
526
5
167
43
237
1644
33
85
24
626
23
36
165
222
190
8
233
120
80
219
21
12
296
22
168
236
19
458
832
75
76
981
269
15
12
88
37
155
93
526
402
263
100
29
151
19
56
74
316
4
46
0
23
29
53
30
143
26
143
7
319
337
38
27
50
239
36
18
934
233
7
400
729
45
113
113
161
132
14
97
426
2845
16
29
152
212
100
109
17
1690
8
91
249
94
20
89
4
3159
23
116
74
486
1112
29
74
254
25
696
102
23
69
224
388
25
80
380
605
161
158
195
17
99
1042
59
180
2476
1037
15
171
116
99
34
182
179
591
758
7
254
13
4518
297
196
101
18
616
4
169
3
37
195
705
64
503
1332
9
295
879
167
83
101
165
1016
520
316
98
46
15
74
305
60
5892
292
131
66
235
137
127
51
20
24
195
2134
523
350
34
166
21
69
154
4104
381
212
162
45
194
51
77
3
166
797
50
708
31
79
26
568
347
14
15
125
126
82
49
515
1963
104
24
195
293
29
118
50
19
196
158
557
131
196
29
18
135
59
675
59
10
304
15
21
375
708
909
20
289
115
207
145
144
56
24
1424
107
836
62
115
81
154
67
86
977
24
406
65
43
32
60
156
1272
1369
126
29
25
309
132
523
3
99
103
43
63
112
81
10
5
139
154
869
71
306
369
783
25
45
407
282
41
58
14
216
171
1051
2972
161
2225
227
2322
75
21
161
8
176
139
112
13
27
95
43
1130
7
168
980
58
724
26
100
14
146
68
72
78
14
313
195
4
350
77
49
26
562
26
410
73
49
21
56
175
66
150
39
344
606
182
253
154
6
18
71
11
126
96
32
51
128
98
907
100
4153
30
54
12
65
534
70
72
313
79
11
713
128
176
44
212
1135
956
352
897
2122
294
9
2133
80
21
23
20
430
14
19
120
35
27
52
19
453
1
534
59
318
31
19
80
59
18
110
489
511
33
54
89
27
24
606
112
290
589
29
84
56
420
20
26
88
151
136
22
22
2198
183
59
50
18
7
290
58
1994
32
169
855
78
132
659
140
58
4
61
28
76
119
51
126
122
265
131
3417
127
172
25
545
909
1076
474
206
139
1711
69
9
484
72
502
14
9
413
921
27
113
25
104
1981
121
16
81
34
693
168
18
62
689
29
140
127
69
16
352
936
321
83
42
142
81
51
103
339
396
322
604
196
237
212
289
48
61
30
339
103
109
257
72
326
243
612
56
179
264
27
77
344
122
1008
30
3053
19
24
255
266
449
1364
99
26
60
768
20
147
254
119
114
400
92
24
422
226
30
129
14
417
23
61
173
45
124
197
184
8
205
291
309
499
198
340
90
19
645
66
42
110
391
28
15
1036
146
662
294
641
40
271
154
171
23
11
359
40
132
79
33
172
11
74
326
448
61
4568
73
389
96
415
9
15
185
378
510
44
468
0
126
954
21
132
48
612
35
447
98
339
