20
930
40
110
24
5
32
285
26
75
10
73
83
54
279
35
10
485
7
53
125
303
157
148
7
61
297
328
43
35
41
18
81
90
418
344
19
13
334
29
57
39
28
5733
3019
212
3
1367
2
234
26
45
170
52
11
1541
1982
95
29
138
59
127
5057
229
239
24
25
41
153
354
31
34
887
408
15
193
20
5054
39
195
8
20
41
175
568
7
11
274
235
129
163
2861
204
676
2172
122
4
98
545
12
875
212
39
181
473
23
1832
254
186
41
24
542
890
103
8
989
274
18
16
34
16
1868
1121
67
57
399
868
161
20
194
478
13
700
60
1554
191
49
325
396
25
37
100
35
596
130
57
19
57
2761
96
285
60
6
17
16
148
109
9
82
39
3
46
498
1096
9
88
44
11
90
155
207
1259
25
1323
135
434
1938
54
233
341
89
507
125
3498
875
661
34
526
5810
20
688
471
865
504
25
170
224
40
37
25
440
178
407
10
27
27
7615
44
122
1845
74
704
20
2297
397
579
20
12
47
23
72
1770
403
1038
9458
217
87
980
217
103
71
425
339
5987
222
4123
202
108
75
184
43
26
2652
6
294
280
421
7
378
53
1965
134
19
393
104
745
34
58
43
516
27
8
165
144
247
28
6680
122
992
12
64
21
768
1189
15
915
280
34
1959
983
77
8
83
12
796
40
164
98
693
555
249
20
6
23
24
541
491
20
10559
116
779
844
864
30
1
1804
31
201
51
110
13
37
126
50
148
113
1782
1005
408
147
93
19
513
26
162
11
25
13
33
274
21
63
355
320
14
2452
21
191
65
938
25
37
261
674
375
1557
48
206
1217
40
30
23
403
3414
592
414
11
68
485
623
290
200
24
72
1951
403
10
1530
33
30
98
185
966
1887
19
4785
262
44
657
220
15
255
1277
791
23
148
939
966
20
1
63
739
18
2251
202
18
215
9
187
224
153
2
24
2877
49
58
92
2153
4
11
142
17
115
19
260
8
16
10
1112
9
68
21
236
459
395
122
19
168
27
105
412
30
1180
2222
467
21
266
27
65
468
37
1179
66
427
14
43
12
4
15
479
45
1551
5501
43
10
17
31
154
325
421
533
331
58
346
310
22
107
674
27
188
244
49
179
266
11
136
23
9
15
21
1886
39
183
3709
31
1408
23
1989
163
187
652
854
285
257
169
0
1475
3069
83
74
729
1544
126
435
228
1993
10
153
263
42
227
82
22
12
210
87
98
277
13
48
1185
138
15
15
35
1508
3372
13
105
31
41
130
430
2
113
158
12
113
9944
1277
66
572
171
125
216
17
40
301
30
937
122
10
57
20
115
13
218
99
2438
26
99
150
768
332
39
307
89
383
14
632
23
12
172
200
33
164
104
34
37
608
155
415
22
29
601
2503
25
164
45
757
28
11
5
1553
32
202
67
3491
775
2259
89
34
395
1519
158
215
905
16
89
156
145
589
52
101
492
8
282
34
858
51
691
35
520
222
43
2295
432
193
1283
1019
1162
1309
31
57
503
180
236
16645
790
2970
418
3066
464
47
1270
32
11
22
457
227
45
329
169
199
60
22
1363
26
107
4434
1124
145
55
220
2569
1650
119
35
449
1862
21
9
368
296
108
24
68
1588
22
265
1348
21
41
37
373
89
47
10
15
4579
142
423
10
104
50
14
338
83
24
247
69
214
83
1404
9
31
95
513
707
173
47
6
265
426
594
18
412
234
25
44
19
256
446
7
12943
53
300
43
534
182
1026
33
241
327
19
30
28
459
782
11
451
20
311
302
21
703
12
104
1816
19
2589
876
56
185
8
141
691
535
32
439
85
209
1487
68
32
78
3
52
11
25
0
731
1969
1000
22
1666
69
193
403
184
10
18
126
10
2739
176
22
1734
122
10
111
42
476
22
499
1401
144
23
75
29
108
506
3305
1748
14
17
8
21
21
47
98
426
14
1487
377
23
26
3200
121
77
14
172
200
25
36
12
10
24
421
53
391
15
11
16
1849
22
155
30
21
851
679
94
140
25
37
22
155
20
33
24
191
22
381
10
13
21
2948
389
70
639
85
18
191
1355
26
159
260
353
43
21
8
128
8
10
251
401
18
15
19
42
1163
165
65
404
22
327
60
17
23
451
13
418
40
186
15
368
17
280
11
28
81
1803
368
4
519
185
348
290
691
34
33
25
865
60
468
498
7
1118
31
79
3204
169
1105
4341
362
105
3284
298
222
126
1918
218
12
115
27
310
20
606
136
1014
20
299
26
9
21
122
5
227
140
32
13
219
213
2348
21
584
69
147
336
27
40
359
127
7
27
770
24
96
189
218
239
17
75
6
360
689
387
1155
932
53
58
98
43
203
1930
32
316
11
21
23
70
151
16
132
1393
897
39
243
1
28
305
21
99
420
87
644
156
50
210
179
85
273
506
15
90
41
356
450
20
15
4
246
5
480
26
546
182
75
25
28
349
13
1512
29
107
265
144
29
213
15
568
753
163
379
110
300
13
65
378
9
2805
73
33
240
18
1247
47
45
20
322
437
29
39
35
11
97
6
9
18
20
35
731
3
691
14
24
85
277
109
140
2249
45
1284
27
171
89
12
1011
25
142
658
362
582
692
213
172
756
19
49
53
44
110
30
579
309
733
18
92
225
576
16847
297
34
46
111
20
1307
17
301
40
25
186
14
85
155
108
137
232
103
257
24
217
19
247
25
57
168
3040
18
50
30
47
27
35
181
17
68
994
25
3076
55
12
24
28
29
17
517
781
29
11
376
154
30
249
53
3
31
386
27
29
650
219
89
171
119
816
29
1976
116
22
13
115
10
768
13
173
186
448
86
194
1539
11
235
30
61
20
4
515
123
848
88
1692
98
110
23
14
91
433
95
53
73
165
389
1519
24
358
104
1448
3723
188
84
42
13
29
247
191
241
352
87
867
535
24
830
16
331
29
3
43
6907
49
12
162
562
59
867
1080
3193
37
528
238
101
64
10038
78
877
281
364
249
34
34
1037
55
305
123
1
165
15
64
708
7
206
673
1251
165
35
555
550
51
194
25
26
64
2905
689
71
12
150
6
41
86
953
32
109
51
30
12
854
18
22
609
3623
12
808
68
294
83
18
34
5300
25
1
21
23
13
448
53
366
11
106
851
110
42
18
2422
76
922
20
21
176
24
28
51
473
758
164
57
261
375
823
22
105
31
182
23
788
268
157
259
157
56
126
108
50
2817
614
249
44
1109
38
24
60
16
86
14
25
22
576
35
162
448
132
51
1305
180
26
102
21
390
165
32
8
422
10
47
31
3
296
361
36
21
4
81
2045
182
77
15
14
110
52
18
397
8737
28
16
43
26
8
490
272
10
953
682
16
176
279
75
2983
1038
35
53
16
117
18
124
23
61
6
45
13
413
712
127
172
185
9
491
6
195
430
152
522
27
47
34
736
153
880
27
268
23
103
55
5
273
11
69
405
121
154
468
32
379
761
413
20
6
211
189
246
737
15
1456
206
100
22
49
247
325
287
153
2027
25
26
3384
1146
14
89
26
59
56
5
559
138
54
100
181
287
582
795
111
86
7
124
82
196
47
2061
45
39
495
586
254
159
264
761
5
96
379
5278
262
252
537
17
16
281
204
17
19
57
29
50
25
88
180
161
46
113
421
495
37
18
356
3088
179
131
2071
110
1260
50
609
8
41
128
560
3259
43
755
67
161
30
441
562
58
20
91
142
309
838
54
50
310
949
262
366
13
196
121
42
16
4
534
20
70
14
14
71
89
27
23
2194
16
559
273
108
734
56
14
141
92
149
192
22
260
284
44
702
128
158
171
511
154
59
30
6419
598
84
74
3
152
733
4560
350
1485
499
422
139
208
894
20
255
16
133
25
71
110
340
244
1152
831
2203
21
671
137
9
259
192
15
62
144
1162
9
4
28
250
63
846
110
13
18
43
83
10
26
94
25
3866
76
431
449
984
24
269
51
51
37
24
1278
61
471
69
11
104
1504
382
620
1063
1960
56
410
698
1534
340
14
6
220
26
5218
299
61
493
4
255
1888
57
127
41
76
40
37
35
597
113
76
15
5
5
141
29
68
17
41
11
9
30
592
125
1193
234
8
742
375
317
61
12
1317
256
83
15
19
226
17
27
132
49
161
14
282
142
1367
208
26
183
5
1102
362
37
434
267
314
22
10
121
229
32
33
260
162
24
228
11
1118
761
15
2460
490
678
1014
1278
137
139
13
22
6
614
813
501
66
428
221
78
36
8
277
528
69
1176
1982
18
3918
58
7
626
647
91
509
15
77
538
255
9
326
3466
132
33
105
386
1055
217
665
5
309
646
534
98
51
10
23
40
74
362
7
281
303
540
4
211
56
12
340
76
46
7
33
196
14
29
56
73
14
39
52
167
13
1652
115
29
145
31
1071
292
536
128
61
138
485
65
126
1404
631
4653
31
42
642
440
65
8
200
14
474
329
6
25
200
48
115
2910
42
23
177
6
33
17
26
11
735
15
22
1748
74
21
723
7499
262
119
294
29
906
838
68
675
191
27
6
109
320
432
17
4
0
2762
215
18
466
345
39
5172
366
119
985
20
41
312
39
15
118
14
127
600
78
11
539
3862
9
93
4471
15
795
279
21
82
50
103
130
10
584
9145
18
111
1892
939
94
1618
151
4446
13
598
541
204
23
13
25
323
130
488
3099
22
17
11
291
7287
296
15
421
955
1188
20
550
28
198
103
236
174
15
503
17
23
6
32
8
2211
