264
19
505
72
38
91
48
56
13
78
109
86
177
46
8
52
143
97
1984
82
91
89
17
14
52
4
215
158
315
160
85
21
83
31
62
225
148
588
141
235
58
447
60
94
58
58
22
55
142
264
78
53
422
40
74
127
141
19
36
81
239
69
386
44
159
103
380
115
100
37
3286
83
111
88
258
208
59
256
16
130
21
278
111
110
82
438
154
269
208
162
85
84
132
18
33
72
67
281
85
188
19
72
15
144
36
39
83
26
10
33
23
240
89
65
86
35
252
103
23
593
415
557
87
4
42
30
91
1063
69
44
43
102
256
514
31
242
235
7
226
97
117
13
96
95
274
6307
265
199
32
127
12
207
321
309
66
49
82
58
43
21
227
484
152
90
11
75
74
89
58
1301
275
11
59
97
161
25
148
54
73
87
973
121
49
62
18
228
148
96
90
179
163
49
148
92
279
93
192
118
92
583
38
30
23
37
30
334
37
21
104
79
62
189
78
314
70
204
87
53
15
80
127
175
30
68
260
9
5
167
21
77
115
235
15
90
348
127
243
132
44
508
183
786
18
750
122
113
53
112
24
793
81
52
42
371
76
197
1128
80
22
207
127
190
237
106
94
10
139
112
28
19
71
47
20
120
25
437
277
14
6
13
63
141
39
15
284
117
56
97
296
29
18
183
51
166
32
191
41
17
214
223
113
116
436
119
35
26
128
138
160
48
32
73
30
140
99
117
80
37
244
48
175
14
46
49
70
765
53
278
141
40
1006
19
80
93
158
59
15
236
219
22
40
532
221
146
46
37
91
87
121
290
276
74
146
118
177
83
138
41
65
33
284
88
26
24
5
288
690
19
203
142
51
60
58
76
79
27
110
25
81
893
655
245
4
34
52
268
204
106
434
110
291
129
57
12
2453
30
321
144
96
689
192
56
35
274
33
164
350
46
29
55
27
185
9
21
271
170
155
15
1
125
72
89
7
28
10
77
66
91
103
21
90
183
93
34
53
4
151
674
76
415
468
32
23
70
776
254
71
107
237
1515
24
232
201
15
358
130
141
29
39
42
154
260
823
377
114
156
161
60
71
37
23
83
416
175
75
101
121
93
24
98
1039
121
155
79
17
87
311
39
7
80
142
44
15
194
204
8
1041
223
27
202
17
20
16
183
104
25
17
133
49
1137
34
16
107
18
58
256
102
38
98
49
147
673
187
33
71
36
28
415
127
100
585
34
51
2552
106
52
90
12
313
153
42
80
94
113
15
228
221
14
51
78
58
8
82
10
190
8
24
16
58
27
540
630
500
304
3248
176
184
102
170
284
69
36
226
79
161
72
119
77
783
88
253
36
232
433
62
283
33
28
373
21
13
1056
80
128
31
106
89
86
40
21
169
15
67
133
172
26
86
45
257
90
133
197
112
190
70
244
238
321
283
125
144
87
0
134
205
62
453
63
14
120
49
75
44
6
224
84
168
120
28
206
75
27
43
17
2
43
37
191
63
256
200
167
22
25
157
48
575
147
263
74
199
1089
345
101
20
40
91
31
68
152
155
205
116
128
11
35
84
254
175
251
69
212
152
1143
209
160
523
35
932
134
217
81
160
173
571
480
49
78
443
76
131
125
16
303
68
81
392
99
73
238
114
282
7
195
15
18
24
35
75
93
166
357
19
386
76
157
67
19
369
48
387
109
82
471
56
1954
187
61
18
313
55
193
65
438
28
200
242
342
123
196
35
147
204
112
128
35
97
67
8
29
67
15
34
377
58
16
334
315
97
8
140
38
25
118
65
160
27
94
593
43
92
62
145
141
41
115
32
42
450
348
112
162
45
137
130
172
27
224
671
292
209
64
33
18
77
136
105
274
25
243
93
138
61
28
111
210
96
190
421
33
115
141
391
31
118
132
234
85
213
122
42
68
46
174
36
15
82
11
56
65
22
47
30
63
84
22
15
127
170
199
34
45
39
18
38
42
59
965
198
45
272
294
2
310
162
56
18
73
310
94
31
153
23
22
246
734
98
312
189
130
101
246
77
55
56
70
52
437
8
458
14
171
98
133
561
240
339
256
197
30
728
364
149
41
26
227
170
144
99
11
205
29
89
366
56
413
40
342
66
28
283
152
25
74
70
238
171
99
235
55
174
101
18
34
378
98
45
174
200
15
257
122
138
98
53
19
28
253
141
25
78
1026
185
55
22
55
133
147
54
51
96
54
36
161
206
574
136
89
227
173
25
39
101
16
128
287
821
24
351
579
11
209
1047
34
167
11
337
242
225
152
86
746
1203
71
97
387
73
91
519
577
25
139
111
38
59
60
63
63
80
173
15
192
159
1819
19
544
27
308
16
14
397
43
60
51
49
164
89
240
101
274
34
117
281
15
302
165
74
172
23
710
93
458
6
37
18
371
25
97
35
476
209
63
45
380
583
388
142
38
44
801
29
70
68
117
191
117
178
124
24
62
17
13
246
331
13
31
248
367
49
89
190
109
212
162
13
393
32
232
101
278
119
176
60
104
38
76
504
556
42
181
31
53
136
167
31
240
160
154
49
325
43
33
17
110
251
16
107
611
23
5
97
241
151
59
7
10
97
111
303
50
24
279
51
107
110
40
53
89
113
15
281
57
48
51
20
128
222
171
214
95
232
223
167
182
48
502
318
1414
44
22
44
68
15
33
289
77
176
187
208
9
16
5109
61
286
81
234
296
337
122
136
113
217
94
48
216
205
21
186
412
478
52
160
2510
61
34
14
68
77
22
22
21
54
356
217
244
108
249
4
183
65
27
74
373
134
12
661
37
124
72
24
176
185
129
39
48
298
144
11
46
99
256
166
133
329
193
169
304
34
80
42
414
631
300
13
350
18
79
186
346
42
177
131
6
646
31
84
59
229
62
218
44
78
55
246
478
667
50
157
155
257
789
71
11989
118
113
8
136
287
173
52
80
146
53
320
85
60
35
190
55
108
466
600
283
38
120
79
86
687
10
157
223
174
167
1781
70
15
47
26
10
26
19
167
340
226
15
48
83
47
79
215
117
204
113
305
254
15
79
11
172
164
94
171
111
94
189
26
542
183
50
263
36
63
206
11
16
35
31
125
95
116
129
49
3578
61
542
63
133
25
6
227
146
81
143
130
216
364
23
197
650
147
24
16
464
41
1387
146
101
101
460
325
38
552
93
24
63
44
182
32
341
7
30
105
489
139
11
90
75
290
60
89
60
76
21
36
213
43
54
44
567
1
52
105
432
185
114
253
203
24
69
45
472
72
81
317
19
152
481
79
241
39
214
73
79
42
258
42
288
326
264
151
320
571
167
14
58
88
20
199
383
323
149
288
293
83
353
29
214
170
126
98
21
138
56
35
10
194
110
229
77
872
41
170
211
160
25
55
79
89
62
46
60
177
136
30
181
71
385
48
168
39
145
187
66
68
139
127
204
165
183
21
84
81
71
197
21
111
187
743
40
194
16
399
165
84
227
34
268
25
23
16
33
124
35
53
25
122
148
201
189
822
63
221
90
25
57
227
131
52
234
137
21
62
56
383
203
269
51
191
189
25
75
81
636
69
115
71
91
209
90
87
206
176
77
12
83
58
19
4
171
205
100
156
328
40
100
91
0
132
82
58
96
62
292
548
360
80
9
273
69
71
191
85
70
168
76
273
45
106
284
596
83
90
37
335
69
283
7
73
6
114
114
31
82
17
81
155
264
56
31
31
368
224
254
52
136
91
299
62
22
50
42
136
123
89
171
66
137
17
3
89
49
415
51
60
22
58
217
78
103
186
41
117
37
331
143
239
161
73
33
10
253
23
200
13
218
309
45
81
36
154
159
33
13
2
30
217
38
329
27
195
33
384
84
93
111
67
53
41
104
305
115
66
38
85
28
50
44
13
18
62
97
65
35
286
248
46
11
215
31
32
24
274
517
14
29
148
33
106
180
169
464
32
91
60
33
2198
50
18
50
100
61
16
63
38
184
122
38
178
8
33
41
146
41
396
190
143
73
131
79
81
138
62
428
112
150
333
334
195
237
68
147
213
141
73
14
156
649
42
44
78
7
310
61
106
73
127
102
272
31
127
47
145
41
171
33
154
25
121
309
196
86
51
197
41
39
102
16
71
234
35
73
273
65
320
157
125
49
20
44
1545
159
16
130
75
211
90
56
42
40
71
161
18
15
13
25
161
848
10
50
46
86
109
13
424
75
41
246
61
132
78
370
18
36
324
53
369
583
85
69
33
541
50
257
31
21
222
105
269
110
25
61
205
63
53
187
529
31
234
49
207
104
107
111
23
134
315
311
125
41
22
47
328
269
250
15
40
240
72
175
81
143
75
68
202
156
44
236
104
159
66
93
186
275
120
119
186
22
263
152
25
73
34
332
209
284
51
34
205
602
26
317
780
321
228
67
704
34
185
820
141
74
377
68
22
30
85
73
772
190
53
103
132
160
254
174
807
163
297
157
108
75
174
14
81
124
65
26
24
140
139
61
92
101
89
217
90
113
168
148
80
130
52
168
93
64
38
80
67
141
139
254
32
97
358
300
50
423
173
311
540
93
55
268
300
64
148
231
58
22
68
