244
103
90
152
176
350
278
55
64
297
94
140
215
122
84
165
138
561
103
509
56
116
37
137
149
61
196
26
451
495
40
20
11
123
763
27
133
144
87
368
1036
109
52
666
2097
580
26
413
692
228
319
40
96
132
940
110
514
235
161
8
263
36
21
60
33
153
98
130
70
156
47
829
410
22
50
91
81
57
137
237
183
393
439
99
46
542
502
8
86
50
29
83
34
281
179
22
47
91
62
200
27
48
28
85
15
351
52
78
64
123
28
178
40
833
62
8
87
202
78
14
21
848
115
230
87
132
27
24
313
103
19
168
63
17
232
151
220
24
67
122
64
212
10
235
72
184
58
37
44
40
41
175
423
32
95
60
718
286
87
62
30
6
9
72
78
114
7
53
256
42
201
149
367
159
58
293
66
73
4
62
72
87
233
155
51
31
96
11
129
52
305
111
15
191
124
250
116
328
340
41
3426
223
89
89
342
710
39
92
66
233
139
154
167
257
290
167
150
306
331
350
178
122
1147
36
10
330
36
175
89
77
61
14
167
371
119
205
86
69
344
3
107
21
63
21
74
401
154
40
60
122
492
39
101
337
114
49
85
23
344
453
19
332
107
10
93
198
193
3425
27
1156
655
72
53
103
185
171
49
15
199
56
270
404
12
227
147
372
44
172
33
46
105
377
6
204
160
120
74
4
34
17
186
96
294
93
29
85
862
409
28
9
47
56
33
348
80
45
108
309
42
297
119
112
366
886
842
418
415
255
170
28
322
56
2370
54
366
421
487
128
303
301
148
96
42
5
75
25
41
285
26
17
30
122
281
16
183
110
85
151
235
113
85
164
193
51
84
7
167
74
100
102
26
86
73
192
43
833
15
20
682
37
68
1197
223
58
1241
143
718
98
82
41
85
61
545
531
69
93
281
13
16
76
189
2375
29
329
158
56
113
88
164
248
251
250
34
22
353
14
56
303
35
142
403
234
447
419
94
116
126
251
99
428
64
16
52
154
87
152
181
118
18
21
282
38
148
60
30
670
19
95
357
91
188
305
40
111
43
201
78
55
256
26
9
69
39
454
17
640
18
95
78
110
207
147
121
74
160
90
4
434
238
381
54
1684
73
379
53
377
228
355
224
505
40
164
378
26
99
127
13
130
133
285
218
37
63
37
293
139
16
205
57
144
157
304
99
152
104
203
285
358
9
102
141
62
25
149
206
149
142
112
420
1
154
231
3
176
94
67
100
54
130
349
123
65
340
98
53
2249
131
397
1621
154
165
54
251
214
225
96
72
415
60
36
38
152
203
60
131
92
394
29
153
632
486
630
52
213
63
113
87
96
141
168
117
85
953
83
50
811
30
65
42
457
61
411
87
114
33
161
191
101
176
108
115
66
250
283
194
31
403
134
26
156
73
455
110
321
117
32
167
49
60
398
91
576
34
82
402
282
295
24
462
340
291
66
50
7
36
58
108
3
487
55
298
1268
325
63
66
46
380
82
266
205
29
397
13
133
207
499
230
702
905
249
395
174
27
2339
287
134
87
375
38
49
110
55
75
94
101
670
128
392
76
42
77
85
172
355
16
4
11
527
223
663
291
55
166
890
117
227
31
48
208
64
69
101
2460
36
58
45
932
68
985
199
24
141
224
193
138
119
18
144
557
547
47
442
80
23
779
56
526
36
276
6594
298
832
142
82
77
120
270
188
126
242
9
44
41
51
182
12
159
116
29
86
334
99
15
125
81
283
195
255
78
108
33
65
143
1055
315
20
89
50
172
377
333
88
1170
33
190
251
148
171
295
57
322
115
440
92
8
323
61
33
132
140
21
57
122
49
285
37
182
63
83
16
177
215
31
51
162
94
756
37
54
68
70
297
138
269
82
16
21
23
11
260
50
46
33
31
110
64
131
17
202
91
116
141
32
113
204
368
72
83
259
210
127
18
108
542
41
78
1
61
141
98
19
226
16
99
32
264
95
160
156
67
155
166
216
80
122
280
384
558
102
230
585
34
437
101
29
904
69
44
265
41
45
17
606
80
480
122
171
65
131
183
17
165
374
308
95
92
82
83
46
49
279
116
232
102
28
110
234
86
68
3
267
445
369
34
247
145
117
121
82
33
152
234
38
49
20
243
12
31
158
100
41
481
70
97
311
165
277
27
23
599
48
49
663
262
13
11
15
90
110
99
5
146
66
189
99
164
206
75
87
54
26
1339
424
48
739
75
1031
19
824
38
992
46
56
278
134
143
750
12
486
36
98
103
38
67
150
11
132
391
30
125
86
112
37
31
123
84
182
476
118
200
281
41
311
54
216
117
81
51
29
11
713
29
447
256
80
256
83
36
768
117
20
21
120
38
147
72
91
57
84
42
112
124
39
97
3559
86
273
160
299
209
58
108
200
68
108
110
139
33
17
42
758
69
730
146
56
81
52
39
16
97
83
142
65
62
142
46
173
375
263
87
252
54
15
247
29
69
286
9
106
45
277
66
337
45
21
15
177
154
123
23
66
1023
162
23
111
92
209
131
148
72
49
43
133
27
544
35
168
45
29
70
134
37
14
90
22
31
115
57
21
190
189
7
33
126
13486
228
46
411
217
127
52
23
93
41
2562
569
25
174
61
129
107
77
19
129
287
248
718
43
304
95
49
81
726
57
61
89
54
90
258
257
216
162
15
387
117
438
456
165
228
35
207
4
202
177
71
53
147
140
314
167
217
67
183
140
27
70
11
221
13
292
146
32
159
106
269
112
40
211
53
269
260
72
140
190
82
194
7
808
49
92
407
193
66
306
127
138
55
40
88
122
752
19
149
33
69
148
55
312
67
309
160
407
34
187
49
187
149
143
79
609
65
59
479
452
331
597
431
160
404
441
31
89
297
426
4607
44
268
9
159
713
50
74
187
103
100
193
64
368
7
108
340
219
128
294
91
376
173
30
314
1646
793
187
637
198
68
271
245
31
18
140
90
44
1061
33
674
218
248
113
36
135
68
26
958
195
5
65
29
94
835
12
45
7
244
310
101
105
80
39
43
133
529
175
336
77
35
118
427
177
299
1
167
151
103
272
22
79
303
579
73
248
10
94
264
23
5
86
313
75
778
100
694
94
168
47
27
799
423
266
104
15
180
60
79
120
114
15
57
468
118
59
19
14
168
59
69
117
146
44
86
54
60
257
340
134
115
293
125
31
125
244
55
11
54
161
34
119
639
90
530
428
29
690
84
46
426
467
126
164
913
62
165
198
177
37
133
6
29
141
166
290
17
191
48
92
192
280
79
300
146
147
453
48
259
145
123
70
7
59
183
260
874
238
216
53
148
55
24
106
240
17
453
59
19
266
298
626
243
149
63
561
51
196
300
75
33
3909
121
108
19
178
121
219
228
93
149
206
56
105
161
222
57
84
47
227
192
23
33
33
119
179
109
273
61
134
417
35
843
86
88
42
20
46
59
61
102
68
76
125
656
16
295
129
193
83
49
86
32
182
32
175
28
168
118
69
3
30
43
190
144
748
21
357
203
51
172
136
134
24
35
72
326
187
69
30
13
34
221
242
89
362
237
118
45
424
302
119
128
176
147
217
174
214
21
6
57
263
100
112
25
254
38
22
117
90
9
6066
155
12
128
112
16
82
94
133
312
58
56
31
261
182
54
176
226
302
170
124
425
197
330
352
39
254
45
83
249
357
193
158
69
106
277
110
362
85
41
10
8
156
77
15
78
46
85
261
348
719
21
280
100
74
156
175
70
125
29
25
54
37
311
312
241
114
931
255
76
148
64
73
71
60
521
50
128
421
66
94
25
58
116
849
116
160
50
20
544
209
18
8
62
469
189
348
30
20
143
98
162
176
60
115
73
145
42
150
155
1274
82
44
190
677
52
63
100
38
36
51
305
13
208
39
348
1116
54
64
31
103
155
31
341
122
170
81
58
69
4
169
81
5
5
69
179
75
37
628
45
17
201
62
2
84
148
369
12
17
77
128
165
450
51
100
78
330
200
21
168
3051
28
541
133
2
95
59
94
20
141
25
304
231
145
24
146
1075
186
187
18
57
38
8
243
105
1819
373
207
19
136
173
118
93
335
109
597
85
39
37
59
115
217
264
112
51
80
394
57
181
435
114
110
122
416
73
195
21
93
102
1557
48
26
234
139
41
270
78
223
184
28
54
90
837
144
83
77
52
123
21
838
259
48
96
78
538
48
497
56
518
90
177
108
231
22
174
340
177
287
4
60
29
68
288
104
37
286
55
229
49
160
37
211
154
32
99
92
440
191
362
138
38
92
349
103
262
49
121
61
299
487
11
43
418
152
583
45
474
236
233
309
55
11
26
167
149
190
196
497
20
42
103
72
11
160
226
44
37
78
83
323
85
441
721
54
57
409
41
40
31
334
474
236
149
285
319
173
77
151
125
97
114
37
318
66
56
158
112
192
472
290
199
42
268
137
35
336
249
669
224
447
22
37
65
97
171
27
265
128
518
420
1439
189
141
421
101
18
230
692
12
126
139
22
52
57
452
22
2
75
32
105
198
167
296
177
335
399
154
120
269
37
199
237
50
48
102
28
55
21
385
203
122
54
228
107
152
