45
198
248
13
16
298
310
280
30
73
416
439
28
115
13
25
75
249
35
37
40
24
18
291
1331
360
41
45
243
13
173
11
341
97
156
125
56
1002
194
96
74
139
4932
22
37
478
1170
574
18
400
248
2
85
93
181
110
376
158
73
475
14
53
224
1275
123
28
302
98
17
15
48
839
30
30
187
309
26
137
509
250
68
60
110
26
117
17
92
33
40
377
1
31
76
19
213
22
40
12
2394
429
10
702
104
112
615
22
79
165
93
7
251
102
24
223
28
46
230
15
55
219
381
18
6517
145
416
25
1576
35
74
500
49
90
107
48
70
359
52
11
169
4
2439
109
145
141
2
51
24
108
1
139
411
56
16
610
45
8
123
16
228
62
92
59
26
37
125
85
7
23
1763
271
18
72
64
36
48
104
21
228
36
27
11
469
791
543
5
211
68
96
265
194
235
114
98
9
14
1232
49
21
35
77
55
907
10
136
24
13
45
29
47
116
74
8
142
4
755
108
249
6
8
262
23
17
1553
17
268
11
2267
510
1761
515
114
11
174
186
43
87
21
29
17
322
244
22
456
1254
25
10
42
1024
145
13
122
147
120
1161
8
64
99
52
155
40
92
31
58
8
159
72
26
239
253
689
308
56
169
0
392
27
167
266
27
15
10
260
10
87
36
244
728
195
139
419
11
162
410
7
7
22
13
25
429
226
4
119
33
30
36
16
86
24
6
21
14
47
198
14
353
52
381
13
312
18
267
22
17
23
33
23
30
29
13
137
33
20
14
15
151
138
137
35
143
44
59
40
819
162
136
1190
60
32
129
27
94
45
16
322
30
136
30
107
31
53
109
452
117
7
30
52
10
19
49
5
103
21
138
583
107
276
13
620
23
20
203
58
128
54
5
21
81
51
33
9
19
228
17
98
36
189
12
889
76
18
185
50
28
194
396
19
204
4
350
133
28
11
45
747
16
42
166
22
946
37
20
10
146
381
192
42
47
755
3196
15
25
290
230
374
958
6
728
39
334
127
20
34
344
402
422
24
150
499
76
28
20
47
297
29
11
11
18
12
207
169
5
14
324
30
54
5
183
165
2
231
24
62
20
1583
1070
277
416
283
14
19
68
10
22
51
59
347
21
164
25
100
176
539
26
131
16
380
82
45
2045
357
139
59
23
831
134
130
5
55
62
46
121
45
60
1116
370
42
588
4
104
26
43
63
20
317
59
168
630
157
1213
70
19
19
15
29
179
209
387
236
946
409
12
27
72
239
110
307
67
2572
29
208
102
288
432
416
67
903
1594
1852
36
6
21
499
21
206
40
354
36
112
47
25
235
108
14
142
387
29
34
32
46
293
167
34
18
121
42
135
15
1
66
1550
39
777
88
10059
7
34
17
598
152
235
31
29
1846
321
481
42
46
12
56
519
13
228
301
342
1231
284
891
22
400
68
283
1
6931
50
27
178
20
29
214
34
30
277
92
16
38
83
424
1066
8
142
134
88
35
254
159
343
11
170
165
25
82
247
667
18
364
145
100
12
345
251
349
254
9
523
30
585
875
19
1222
71
115
442
23
26
18
28
20
58
41
21
677
26
113
47
16
73
36
23
48
15
216
1139
1928
47
60
24
12
653
47
112
28
31
1051
144
61
47
1694
154
39
43
8
162
3
12
14151
27
53
246
634
931
1553
25
390
869
1129
17
137
56
193
195
481
6
204
364
23
78
127
219
12
113
47
81
75
94
18
83
7
17
74
86
9
112
68
101
1317
68
72
17
126
120
1433
400
70
300
21
784
157
38
62
22
4
835
298
432
67
22
15
325
15
126
1507
462
14
61
184
36
26
212
73
89
7
143
175
1515
72
9
74
328
108
1034
16
27
276
18
236
17
67
10
176
11
285
234
45
59
214
34
36
76
4
109
249
59
63
34
18
368
8
264
387
4
75
755
338
102
114
163
29
34
17
100
133
31
103
23
31
31
758
79
243
58
24
110
198
79
41
31
10
158
369
281
20
28
175
102
5
4765
548
28
7
2705
29
1833
24
31
40
62
17
696
9
623
286
98
15
17
14
430
142
94
715
25
104
12
17
23
99
304
14
271
19
188
746
1109
270
9
155
1099
79
25
197
41
23
16
95
430
2
14
297
254
2
19
57
35
92
8
5
92
20
14
1486
193
11
1493
22
346
94
396
251
59
566
3
134
37
182
3252
127
175
11
570
66
440
454
360
24
27
1507
95
222
6
36
14
10
1662
282
15
140
7
790
27
12
15
142
324
18
135
97
146
202
247
120
1069
318
44
229
331
1220
143
842
124
56
36
9
37
100
398
249
282
72
22
365
1270
184
85
32
364
260
1571
39
771
64
17
26
230
18
573
23
139
204
21
115
54
189
3204
482
69
29
79
506
36
20
1225
442
751
12
407
19
42
1230
25
98
29
17
11
112
671
106
254
525
363
1
132
21
7
430
229
242
18
7
11
1296
37
413
76
34
1450
149
14
119
175
18
90
8
1651
190
1160
8
165
132
20
210
503
737
326
50
22
9
53
15
257
20
31
272
28
14
240
118
25
70
170
111
144
105
33
31
1374
16
292
1
110
146
142
111
16
5
184
114
367
88
367
728
12
230
164
381
183
87
77
161
15
44
40
23
16
78
189
94
25
108
198
19
85
21
178
34
133
93
9
362
21
3735
12
31
72
200
6
203
191
84
90
76
18
417
15
6
880
1216
31
1854
4
187
117
14
34
251
1
14
10
70
114
36
263
39
78
720
6
30
21
37
1615
526
84
52
123
13
50
63
243
460
46
16
19
338
126
31
366
24
309
25
25
21
34
117
24
497
24
37
9
154
9
715
34
23
120
449
251
45
200
8
375
297
7
420
23
78
182
111
102
69
20
93
115
116
32
68
37
156
51
54
1332
72
24
38
69
16
15
231
77
21
44
14
9
52
268
256
14
10
18
357
106
12
30
18
436
231
16
81
26
310
366
22
13
14
199
621
18
599
25
1474
17
178
66
108
328
33
12
439
45
26
131
27
47
1551
37
29
6
176
56
399
156
8
127
42
107
161
21
638
16
104
391
50
241
157
7
14
16
67
1602
269
173
429
6
21
54
31
16
21
1351
33
5
420
14
18
567
26
4
248
920
71
99
7
46
26
354
460
371
223
460
51
14
3
223
89
294
35
68
3623
192
290
350
160
44
21
234
18
208
128
80
36
682
16
12
9
57
741
429
243
77
195
25
158
583
24
155
21
125
31
172
224
10
63
212
514
254
67
26
31
174
8
27
75
20
176
35
32
271
1159
19
10
136
31
70
221
151
866
58
19
2495
10
14
30
647
11
10
280
6
32
85
441
26
14
1719
34
5
27
19
122
198
1239
62
20
102
23
244
22
39
520
10
13
50
440
17
20
38
15
19
8
93
83
90
851
21
49
102
78
120
199
107
257
250
52
111
195
21
335
82
167
45
514
424
198
156
4
33
222
17
29
9
25
77
91
57
452
1229
6
8
89
16
978
143
9
365
410
236
169
16
12
26
148
34
154
26
63
22
27
152
352
72
324
23
15
40
9
231
44
123
583
94
41
515
11
67
3
14
2519
67
366
177
27
909
54
661
759
257
15
781
14
19
361
213
1007
0
111
16
156
20
22
109
20
18
8
39
499
9
75
40
147
303
121
36
32
26
253
19
262
24
49
54
275
538
28
483
452
61
9
1151
67
20
597
14
591
57
137
382
109
502
108
113
62
75
4834
1108
11
51
269
1021
958
155
58
56
159
9
26
62
202
156
4
69
572
86
213
10
462
478
4
134
58
55
4730
39
115
27
23
53
29
66
944
55
74
1021
949
429
106
162
129
45
154
396
18
360
21
49
856
473
14
270
29
49
85
35
1551
3
248
34
311
58
39
139
33
229
24
1
199
282
76
46
102
201
320
11
84
288
49
78
757
128
100
85
11
316
97
293
290
27
52
1125
2
304
30
15
916
37
206
179
13
14
81
30
775
44
520
29
238
186
18
9
90
101
40
132
13
130
9
18
13
17
18
387
499
205
510
240
16
1107
44
598
15
10
25
208
115
5
340
31
36
645
4
24
48
266
186
17
3883
187
149
62
1197
175
35
8
175
40
124
24
111
22
12
239
35
21
1032
443
219
538
5
138
49
15
36
208
16
12
8
352
201
40
283
134
22
71
578
107
526
2589
780
16
34
493
24
7
44
1507
28
1074
26
907
294
2
265
184
14
17
42
56
16
44
82
87
1137
62
208
101
7
75
8
2366
176
30
457
46
584
742
1484
19
77
1370
34
174
249
127
344
21
280
56
182
1317
230
20
158
777
5663
43
44
99
17
74
182
167
77
201
192
30
355
19
9
40
142
18
17
34
7
18
207
8
346
9
171
14
24
150
116
59
18
10
8
1367
182
977
28
39
17
4
53
580
16
70
66
390
11
171
101
481
1482
563
171
130
241
21
185
39
26
910
58
4
16
25
124
1405
210
335
25
398
28
2930
6
161
477
48
3291
570
20
147
21
26
15
17
120
21
26
6
89
83
80
123
170
250
896
6
471
112
912
838
28
45
1366
13
570
39
506
16
129
66
76
106
5
105
146
31
1445
206
832
318
400
12
44
51
497
305
33
291
77
20
84
69
240
14
46
0
134
6
108
20
