164
214
731
233
352
146
22
42
39
4768
128
23
209
34
866
157
59
46
1168
537
39
57
5670
49
14
1161
271
48
1031
79
387
300
11
130
2681
217
15
40
501
247
99
14
23
18
656
207
6
1217
554
507
569
211
65
897
28
562
174
20
403
301
1483
18
3
77
281
2154
25
504
494
299
4
289
250
138
99
21
113
372
90
636
310
293
15
4
15
2
70
128
38
1345
105
115
120
579
169
454
234
140
2208
406
120
425
11
157
298
273
5
70
55
1065
153
12
1188
59
134
230
251
596
117
130
331
126
51
30
41
71
120
104
983
116
162
221
720
46
90
84
691
16
210
4238
87
14
41
16
32
9
841
133
147
38
99
2906
74
8
13
25
432
414
290
478
110
484
643
15
807
300
464
390
822
782
1881
152
265
10
15
288
153
250
114
51
2
1215
264
5
81
1581
69
278
633
919
174
349
361
23
42
1616
67
90
1309
21
30
85
850
364
499
327
210
22
12
933
311
85
151
2324
241
25
42
34
11
295
226
19
281
2720
16
855
751
10
338
65
127
10
169
208
353
6
16
17
1907
86
35
22
530
538
264
153
216
22
79
3
180
473
752
8
68
973
10
12
51
313
178
14
984
2213
290
29
106
7
179
272
99
31
697
9
232
30
155
375
611
98
18
626
126
245
128
1528
117
133
578
24
178
203
91
75
195
972
100
243
188
5497
87
356
23
767
53
12
132
1362
532
617
519
171
39
53
197
33
32
427
1239
6
31
1988
483
14
72
280
67
101
30
8
68
275
323
161
29
14
675
130
13
13
241
25
346
44
130
18
38
24
1068
414
399
865
1687
288
598
115
444
5
54
1302
11
21
26
14
76
80
599
151
49
89
27
13
1348
21
36
100
70
204
115
127
29
323
23
489
3254
181
48
152
101
385
22
27
52
573
124
1304
90
706
41
156
220
804
41
15
470
496
41
16
17
13
1957
102
13
70
191
2001
215
38
72
262
38
78
1114
25
380
170
74
700
292
76
24
168
676
57
339
99
111
12
397
537
10
37
106
255
4
604
60
89
4292
11
796
33
3426
45
27
201
127
92
1688
18
72
232
771
230
79
267
180
604
55
36
677
686
1001
763
588
61
18
100
124
164
70
176
101
94
146
6010
95
3840
257
79
428
102
23
21
100
14
18
197
15
300
33
14
163
262
362
64
10
55
37
10
784
288
335
166
560
73
1037
524
22
48
243
14
7
29
1425
291
84
384
105
4
62
89
48
493
301
833
447
635
2471
224
80
730
128
10
61
164
381
381
58
34
271
78
2468
37
117
1111
163
19
93
51
258
117
553
1880
67
13
166
94
38
366
6
98
258
811
125
144
20
438
145
48
411
133
896
592
742
160
231
410
506
131
7
81
6
122
4121
4353
98
34
93
518
16
423
9
579
57
311
87
32
625
131
419
394
354
13
237
2742
294
44
503
4
449
355
621
37
532
18
19
562
40
422
43
231
317
7
342
167
1974
1098
257
444
83
2735
13
12654
171
198
536
7
458
669
389
988
15
36
110
4262
119
258
339
370
28
303
831
154
72
58
50
18
842
484
61
20
1372
186
93
6
2896
18
149
55
249
171
11
11348
13
533
249
108
313
308
98
160
329
75
6
1502
286
3921
484
60
10
351
139
632
45
151
647
24
103
368
14
116
445
2349
1
42
20
797
691
11
650
121
299
312
840
515
25
132
1257
39
2367
384
248
375
217
17
516
523
30
5
72
273
89
296
112
25
266
219
65
19
353
115
120
172
23
112
99
448
1216
151
43
526
126
88
4
187
323
908
571
124
103
48
321
1800
146
347
7
46
169
24
119
7
229
179
199
94
2011
28
575
209
37
356
568
12
22
844
388
261
48
18
72
122
119
375
120
170
17
35
1503
602
655
352
289
391
98
23
1941
4757
140
1464
137
11
276
137
96
89
159
22
591
260
418
201
1412
28
61
133
127
171
53
355
15
112
414
51
140
131
41
276
68
676
227
127
46
572
283
148
188
516
27
711
224
216
555
533
590
30
119
67
1128
18
270
812
252
12521
229
114
235
1330
22
107
7
319
401
12
732
612
350
85
1256
6
444
1134
2004
10
106
71
1671
12
276
53
30
289
211
158
27
7
25
153
633
143
913
36
105
90
25
5413
9
99
25
3
1876
18
437
1440
259
27
143
2911
310
1151
26
29
445
29
86
160
53
3498
33
12
838
61
350
24
879
18
177
529
40
26
249
611
146
75
22
300
12
2
17
429
20
15
103
28
975
130
49
289
102
28
30
403
156
853
142
320
132
111
567
35
37
29
28
201
299
53
78
2
196
49
1539
560
10
87
105
6
52
843
45
33
63
4
348
2446
137
83
10
14
301
790
772
23
110
102
25
102
85
268
35
633
88
250
46
576
302
108
328
490
470
185
12
105
9358
4662
121
2243
1072
430
200
11
413
479
103
48
277
102
545
219
74
506
1787
182
81
823
120
9
3843
225
379
34
254
251
86
19
38
15
107
922
681
2745
943
431
200
109
66
65
228
30
2
16
89
40
308
466
11
35
1412
518
28
582
364
25
178
47
30
2933
249
209
21
990
93
1642
24
175
46
37
176
667
579
833
74
183
99
343
188
85
20
204
52
2037
31
58
13
3673
106
694
32
8
152
525
93
882
16
46
1580
49
707
1791
478
14
141
22
318
45
45
89
33
33
296
15
3
5
65
321
53
2229
178
9
572
830
162
40
13
353
13
827
98
106
16
257
140
30
64
9
27
268
119
339
215
742
113
4
90
33
639
1216
410
465
27
124
4327
2453
67
164
94
302
12
5
528
108
115
579
234
624
1295
32
190
506
252
133
458
24
24
377
310
526
11
54
34
177
1832
19
192
384
166
306
244
1194
242
254
15
503
49
29
772
185
44
56
130
998
56
100
1585
27
47
53
74
194
54
441
922
165
12
220
152
760
48
118
264
113
136
764
198
3925
246
21
19
82
1189
63
79
164
70
54
17
391
239
134
199
55
64
102
1645
4
37
196
398
223
21
65
176
197
132
322
123
126
124
177
182
97
2
809
2047
9
9
42
199
36
352
27
81
56
315
80
29
1046
804
575
176
62
733
220
367
12
88
269
110
121
37
15
269
28
285
24
90
44
390
136
223
94
291
197
592
798
630
7
26
720
215
25
50
283
17
12
1903
13
20
223
5723
262
18
216
152
275
55
389
250
14
147
649
38
50
57
322
62
6
72
148
184
363
116
68
23
177
79
731
58
211
17
27
1228
146
131
328
17
13
43
186
461
31
104
28
113
12
326
1391
14
32
647
1794
40
60
59
110
53
359
250
184
122
44
741
57
1023
143
295
236
47
310
10
20
80
179
677
106
20
218
2222
116
164
139
994
1402
150
1267
190
77
350
447
142
60
329
61
157
170
249
16
79
20
171
61
270
122
128
200
155
57
595
1253
51
915
26
58
157
1416
124
74
167
300
316
600
39
24
92
15
467
370
509
402
112
249
101
485
1369
197
18
136
17
5
782
355
213
387
192
7
1418
33
17
222
5250
121
96
57
290
24
186
358
201
1181
323
526
150
268
20
5
13
183
31
126
560
11474
330
512
159
412
31
160
127
722
12
133
161
443
51
255
188
1114
6
53
280
387
92
186
338
103
63
115
398
403
225
492
48
96
280
1246
221
29
272
211
85
1206
298
214
159
38
349
292
3561
479
78
43
30
32
10
422
527
5
95
24
5
7
105
899
349
22
20
85
136
7020
290
56
973
1322
458
315
333
1381
1616
322
17
357
456
73
137
76
270
29
271
269
147
481
0
325
196
20
423
524
18
190
272
53
12
44
2
1002
83
857
983
62
255
24
108
143
4
883
8891
18
1671
4
30
304
342
170
25
580
242
93
877
112
112
18
341
267
372
879
63
63
110
446
976
104
2125
34
859
462
33
817
54
11
4
25
121
393
176
242
190
76
38
18
98
165
65
200
65
388
612
305
104
185
199
709
12
194
1217
429
1191
19
1643
61
275
36
85
1100
2870
27
93
891
11
431
84
31
118
48
419
379
125
448
146
242
1570
600
4982
26
131
67
254
22
40
17
483
58
78
311
943
24
29
55
83
211
1182
350
590
15
361
81
115
216
180
38
424
39
16
122
28
517
172
787
180
40
38
27
145
127
1142
449
40
12
18
528
551
208
586
17
221
226
9367
316
68
668
370
24
605
388
17
23
2059
252
312
171
327
921
3
28
3
295
97
269
62
34
51
183
71
563
562
287
1042
144
187
119
163
5
2831
195
76
161
56
448
91
30
36
476
38
658
3973
789
63
2151
84
4335
9
16
323
87
1075
279
29
68
46
64
38
129
44
172
288
615
884
14
1871
130
3656
11
251
396
2378
16
128
161
197
173
398
26
382
53
63
73
26
38
860
32
105
127
1535
195
384
1668
210
142
1211
109
220
92
60
1257
27
1523
1007
28
708
43
40
545
1366
79
245
256
40
172
10
1
514
133
436
29
33
325
35
23
193
15
19
21
98
281
526
98
2062
132
63
204
143
874
502
1453
64
20
2377
108
175
173
15
194
19
61
56
408
20
2817
107
55
437
612
4803
517
12
168
26
357
79
192
192
16
82
25
28
81
128
550
324
21
199
328
26
150
430
150
84
63
54
875
301
1012
3081
12
148
561
188
381
459
250
130
483
17
747
477
1046
78
280
796
183
48
615
