79
53
123
106
285
154
138
43
129
102
990
51
41
147
349
229
49
5924
167
797
403
151
138
22
31
16
2
853
38
3
96
60
94
570
48
6
125
70
134
934
20
14
43
65
182
255
1309
77
202
101
66
46
251
165
243
50
61
248
478
107
157
117
47
170
38
212
361
770
183
81
57
234
228
110
32
71
47
77
9
68
96
234
156
53
276
302
28
113
228
243
17
51
43
749
101
208
41
305
19
157
314
257
23
16
131
842
339
169
834
153
33
10129
362
107
50
209
17
267
172
22
305
13
240
144
205
8
53
138
48
106
160
46
240
92
1790
64
94
99
176
80
560
47
86
22
250
90
45
196
59
84
63
94
24
217
401
25
374
55
15
42
66
78
108
89
61
169
15
1975
127
61
13
38
40
153
101
106
56
56
18
30
284
305
93
133
151
724
811
559
43
64
75
120
4
160
189
95
119
28
213
376
74
414
272
283
148
54
77
368
62
64
37
60
835
228
2
645
58
131
46
194
36
276
171
392
177
75
7
52
16
284
249
64
106
210
13
296
19
62
96
240
219
20
566
168
346
111
38
1944
99
88
228
49
92
112
172
162
41
184
87
133
54
9
26
92
30
317
353
62
614
71
376
106
57
460
122
72
54
49
87
104
10
368
85
68
261
85
26
39
435
245
123
32
21
227
104
92
57
65
382
189
49
44
26
149
52
227
69
212
854
62
85
109
44
139
241
45
87
178
53
829
182
424
18
51
39
31
111
23
623
118
93
141
461
119
111
61
808
46
198
197
154
36
51
79
90
32
306
63
76
79
160
106
133
54
153
289
216
20
102
42
150
263
47
141
276
50
153
137
182
373
342
372
37
42
91
132
23
257
157
61
66
38
395
55
28
138
152
106
257
26
7
559
85
159
41
133
21
393
312
104
359
319
673
134
636
258
717
65
63
18
191
147
251
26
1147
432
40
152
59
49
387
28
452
94
126
71
21
14
131
504
314
139
104
394
161
302
389
2987
152
589
47
283
74
53
100
199
264
112
102
954
91
22
160
483
51
106
27
1000
105
460
228
87
124
48
35
82
755
12
40
126
1963
122
41
120
334
44
67
203
63
210
58
72
577
57
283
59
90
367
1197
222
54
251
23
41
487
121
17
123
63
52
292
592
106
33
166
78
51
47
11
176
56
24
117
256
818
100
125
294
154
140
127
60
254
1130
41
245
335
271
93
501
113
69
76
353
41
73
281
50
91
36
466
90
106
293
68
31
313
88
111
224
355
261
23
275
1983
117
18
8
2305
68
20
44
128
58
309
81
198
37
784
75
67
264
214
27
182
134
29
190
68
67
561
99
170
15
179
521
82
84
220
101
45
161
86
455
120
4970
75
226
64
434
324
66
220
342
1138
71
273
6
34
19
20
71
548
227
154
26
375
67
50
55
644
123
612
269
20
107
102
108
235
521
24
465
113
53
131
135
196
59
31
32
70
145
29
224
54
228
1409
275
446
246
1499
107
90
59
154
89
63
118
50
44
221
100
9
496
1227
67
65
379
137
49
293
227
137
32
57
86
830
47
314
40
543
13
26
172
32
219
122
483
17
171
429
196
54
32
61
121
579
145
15
245
24
77
42
89
206
59
2
40
27
217
78
2333
159
18
60
307
63
63
108
69
162
12
391
35
110
107
102
357
113
17
455
190
241
401
22
10
86
65
108
209
75
387
89
89
396
1562
36
13
14
483
96
795
284
237
239
160
130
137
966
31
25
183
54
300
47
372
384
20
8
169
927
53
55
71
356
45
47
737
61
320
204
81
828
770
63
55
92
84
38
6
11
120
100
336
258
303
501
344
94
117
265
241
84
526
71
204
435
123
338
66
74
78
46
2745
208
38
625
44
76
31
14
175
43
190
408
99
184
157
15
202
434
380
224
306
236
126
799
7
74
12
138
191
220
139
45
209
738
125
391
254
103
910
150
344
3
567
156
210
591
57
40
33
227
79
4843
15
140
34
142
52
111
8
7
165
105
18
16
4
842
114
284
409
61
55
65
80
438
231
89
118
106
145
23
1638
36
151
235
22
312
71
24
209
31
132
201
132
83
1012
174
156
275
6
236
35
311
21
212
31
273
100
49
265
71
297
31
41
71
12
523
129
16
51
108
74
70
73
27
23
205
28
535
70
117
462
78
98
352
31
74
115
6
172
79
90
124
62
230
40
61
53
156
31
32
52
28
4525
1494
240
666
885
309
292
52
176
495
281
45
36
63
85
83
88
125
316
94
2284
111
29
40
111
12
332
74
171
809
64
416
54
107
113
17
45
403
119
477
134
285
217
22
1063
20
54
92
40
256
100
92
101
544
52
74
56
106
77
275
34
140
123
474
21
77
125
400
353
343
153
134
10
295
110
223
24
64
68
386
107
261
155
220
34
413
232
169
206
250
53
34
63
213
70
6
354
18
1182
89
327
57
34
137
15
101
187
182
12
70
59
100
58
351
55
50
39
121
162
198
34
57
48
55
136
1153
210
126
158
351
651
589
431
81
61
157
17
263
30
210
673
215
796
241
15
166
309
187
100
13
113
348
70
169
35
500
3
84
41
32
1494
64
13
54
58
60
1
13
33
5
329
2218
99
73
18
37
372
145
262
79
602
248
25
1167
23
96
33
224
116
23
96
329
13
54
29
271
48
189
3442
17
1672
11
175
10801
971
83
42
899
89
69
11
419
207
11
311
36
184
429
333
17
158
53
204
23
66
226
210
101
365
479
778
105
348
99
1206
47
7
114
143
61
21
143
543
86
143
12
580
331
137
46
69
1485
61
1004
258
47
221
44
134
420
171
82
61
12
17
80
84
28
51
1665
101
123
352
90
52
32
138
912
199
122
40
437
36
65
466
87
41
173
67
72
217
11
238
14
42
251
124
173
149
65
72
156
59
65
36
134
126
475
17
113
31
115
945
58
211
35
116
81
271
222
414
31
13
64
126
1029
59
108
73
43
56
46
1448
51
4
356
108
17
242
200
431
90
219
103
100
56
141
11
50
96
101
350
246
309
26
268
67
193
59
321
46
67
38
193
325
47
38
52
304
203
18
233
19
46
91
437
41
86
230
192
75
2101
53
301
239
231
149
142
2
206
178
79
181
486
269
84
86
35
63
65
64
63
61
100
53
6
184
165
64
148
135
1738
604
169
109
376
87
2
72
393
739
160
90
72
523
55
77
446
77
174
188
72
189
753
83
453
22
55
189
370
239
79
294
5
425
213
458
243
207
172
28
63
278
43
670
47
40
52
221
96
13
149
100
223
48
27
98
31
88
44
419
186
47
18
45
66
113
25
51
13
75
49
280
80
203
37
60
54
149
14
106
188
65
223
558
216
312
49
40
309
110
173
458
60
87
579
89
82
40
142
330
98
65
138
95
25
85
42
86
66
29
213
55
24
148
36
307
194
267
292
49
176
39
134
48
36
47
256
231
176
34
99
67
259
127
113
1538
454
46
103
225
145
44
403
150
471
38
385
90
39
651
189
116
52
41
89
174
141
10
80
188
81
52
237
21
499
132
128
59
162
109
229
31
150
33
167
68
38
168
136
103
17
101
40
392
80
92
63
311
72
362
176
14
245
1777
618
124
445
37
73
82
85
21
369
55
71
330
80
118
71
226
293
56
202
124
208
53
81
59
83
241
806
63
43
13
47
52
29
28
31
27
29
227
125
35
38
41
30
124
61
37
160
183
169
29
99
217
48
17
232
320
174
243
35
32
200
104
170
409
37
295
83
68
104
4
24
20
116
126
510
215
330
23
78
574
273
36
522
231
452
75
364
328
61
57
97
81
137
295
393
87
56
218
80
339
68
118
28
139
90
119
68
252
19
71
98
55
224
80
49
70
210
74
55
202
692
360
32
22
62
25
220
36
35
405
231
52
313
8
358
1005
46
447
49
12
397
5
138
17
1224
95
159
398
30
40
85
88
39
130
361
212
249
86
27
114
35
267
327
127
18
37
166
10
219
58
88
43
85
19
414
136
67
17
145
41
22
418
405
68
657
73
87
188
196
153
19
382
254
82
176
342
150
361
77
419
166
73
303
43
531
159
144
397
301
26
184
52
372
32
106
23
139
2
223
187
65
13
171
91
26
195
10
122
7
33
27
70
120
10
82
1237
214
392
214
28
40
64
108
23
1180
94
0
177
2147
53
279
191
383
248
1829
141
3476
478
176
8
20
137
115
117
156
273
19
46
410
146
308
22
3
285
358
142
117
8
59
98
204
144
13
217
99
11
1
202
208
64
363
30
260
185
151
109
114
610
10
82
22
27
182
12
231
301
68
126
155
12
129
111
96
141
13
147
72
147
62
5
85
55
121
83
366
1164
84
121
78
70
107
15
382
87
92
57
107
157
762
447
111
304
499
65
1341
123
100
161
100
478
280
57
262
403
159
51
134
66
241
82
852
404
91
197
148
287
88
85
35
98
10590
328
91
258
405
533
163
199
40
125
156
156
49
563
83
132
91
159
228
201
270
45
95
271
34
104
470
454
23
141
112
225
57
271
110
46
60
111
257
62
63
21
57
117
15
111
66
138
184
138
203
134
98
106
325
259
629
123
102
63
