2
5
427
30
164
2376
12
6
761
76
9
5
20
23
23
27
107
339
198
85
496
167
151
186
57
547
338
75
35
840
46
227
228
33
113
209
12
176
1
94
10
19
66
22
100
29
16
56
57
21
594
113
152
138
39
651
376
32
212
30
130
12
37
42
136
73
9
15
425
63
395
613
1115
98
197
545
249
411
24
248
67
54
127
164
988
39
62
20
19
267
556
20
52
5
2
11
132
12
103
684
48
22
78
11
25
377
30
158
21
64
72
11
59
10
150
308
28
123
55
29
619
342
74
931
21
53
11
331
13
21
67
98
54
189
92
4
590
292
13
60
180
815
17
118
847
167
445
30
95
17
122
5
328
1065
165
29
42
26
21
35
72
23
124
395
704
28
29
169
63
319
761
40
229
6
443
278
40
65
41
247
717
326
133
247
29
23
449
319
23
409
293
62
849
563
37
113
608
819
50
42
76
33
53
42
76
22
32
93
44
134
228
16
63
43
19
779
31
11
158
192
324
29
6
19
317
138
169
206
114
9
60
94
7
47
79
409
135
27
112
5
59
63
41
44
166
332
24
15
702
153
26
80
84
129
142
370
14
725
62
427
209
135
118
89
95
464
36
1695
160
277
11
115
126
335
51
71
90
330
72
346
254
68
278
177
9
23
5
1614
64
894
52
330
128
38
529
56
19
865
638
64
78
394
20
15
169
10
82
40
14
152
74
314
18
34
180
94
231
28
563
242
1386
22
16
269
504
25
28
316
104
85
16
47
135
22
38
26
565
219
14
21
21
215
114
541
410
119
296
67
1534
45
563
31
72
181
26
695
53
157
92
21
110
317
376
66
150
118
80
25
52
334
52
116
162
519
568
428
123
12
128
52
82
67
8
297
130
294
403
95
56
75
74
154
25
444
274
8
365
88
2162
136
773
49
242
695
25
24
23
159
18
50
837
162
85
93
1473
860
112
70
304
95
161
641
87
271
65
173
3
13
197
229
18
309
249
119
117
413
51
435
170
70
40
247
201
333
60
124
421
111
43
1107
2531
1127
79
1
276
269
114
613
49
102
23
44
2513
66
86
28
213
292
51
134
14
287
33
131
63
10
185
433
164
312
32
347
20
45
143
135
781
4
1203
44
122
695
112
13
138
82
150
72
84
1890
63
143
66
90
90
116
38
221
117
8
59
37
18
288
873
47
48
9
493
7
30
109
98
20
16
198
12
54
95
62
37
72
107
584
5
49
67
14
139
40
80
148
26
37
447
136
154
8
357
33
265
968
73
108
54
37
61
23
793
10
46
123
710
29
86
43
681
90
474
82
121
144
22
282
165
118
16
105
16
252
332
16
969
551
92
1889
110
299
63
89
6
504
50
1356
26
72
22
254
78
25
58
130
72
120
625
44
252
22
11
8
109
29
18
147
15
33
204
237
139
109
73
8
18
781
1365
350
232
83
287
32
163
34
163
10
125
210
151
983
360
21
118
132
31
35
325
76
193
284
402
25
307
143
26
198
73
430
117
360
222
7
329
91
39
29
142
23
114
371
395
14
143
248
31
336
23
18
18
142
352
319
119
34
132
169
412
45
338
24
59
151
14
43
79
15
165
405
253
40
36
2052
2033
72
19
149
363
83
178
188
234
282
188
23
231
303
257
443
18
252
20
131
581
44
111
141
995
341
304
47
1
213
17
124
262
384
19
23
349
568
400
14
1127
412
244
27
183
43
336
57
17
333
15
19
217
309
17
442
3552
90
98
20
19
325
788
92
19
34
2
49
19
5
44
176
135
1454
187
136
26
76
36
9
113
175
120
383
57
47
21
33
299
155
223
461
917
968
93
39
12
242
185
6
103
30
79
147
75
109
15
8
985
258
18
119
93
135
139
24
20
118
658
311
467
313
4
16
99
30
22
100
37
19
116
73
82
39
387
25
100
228
113
133
41
298
367
20
144
79
722
80
14
311
12
41
389
2253
439
57
120
43
23
17
22
65
140
41
323
235
283
643
420
149
1662
279
120
172
46
28
9
47
242
12
798
427
331
26
71
225
638
333
20
55
37
150
38
227
56
1741
177
108
85
14
196
75
444
217
335
94
1078
425
250
103
189
268
113
67
395
143
177
16
292
57
369
140
572
221
29
88
43
169
7
167
346
6
36
18
62
173
11
605
224
10
45
1640
105
19
45
7
322
25
48
467
92
299
16
407
22
9
45
24
15
103
101
11
18
412
2304
6462
138
15
47
24
241
55
182
14
321
11
34
468
132
325
35
226
624
19
16
252
77
11
263
9
293
128
48
93
963
826
312
34
35
91
86
390
360
174
47
39
25
13
87
231
50
273
16
19
30
24
376
171
22
22
58
594
9
44
130
89
576
44
312
468
45
11
28
428
25
119
61
20
85
153
64
10
234
331
282
53
1169
199
110
195
307
1518
525
1068
87
149
47
660
38
559
247
216
370
294
12
121
73
57
66
102
26
43
15
176
114
40
176
220
100
205
20
116
127
97
9
10
289
61
197
150
179
29
5
214
270
391
95
7
86
4
191
173
267
167
184
155
92
193
679
46
95
328
40
399
95
106
138
264
1019
112
8
304
21
388
74
776
108
236
24
1962
43
49
486
24
42
14
897
244
17
7
1526
77
117
52
227
108
315
47
158
57
35
1045
43
65
92
505
340
13
1555
542
189
34
397
66
139
24
24
98
41
35
95
111
13
680
217
121
99
258
2049
59
554
191
207
28
134
2
38
357
1487
141
53
37
540
822
156
13
1467
54
461
240
17
23
80
41
385
24
99
107
332
48
22
621
548
21
333
101
157
8
41
58
20
22
29
62
358
12
25
138
105
13
438
14
239
104
65
172
65
58
3
130
96
372
27
12
10
160
341
89
157
255
5
123
193
158
112
154
1025
79
182
286
14
150
58
2
42
742
7
59
2028
125
566
114
515
1499
860
93
70
196
179
196
210
89
54
66
49
58
523
42
1023
91
1188
58
105
194
123
20
113
21
112
90
9
525
17
4
214
127
159
81
81
521
562
235
574
120
41
2939
12
21
1
550
149
623
84
26
48
57
297
72
188
50
687
38
847
19
107
1216
14
68
24
69
207
60
211
282
94
249
37
315
29
53
144
234
172
64
188
83
326
30
108
81
128
589
63
2297
126
110
12
356
225
166
50
2091
2074
69
51
198
192
225
467
321
1346
378
664
37
41
32
77
235
1379
257
24
71
227
17
21
20
553
36
17
51
4
18
1305
355
6
23
99
339
476
1068
277
139
129
57
140
892
284
232
130
17
166
19
98
1094
6
35
64
205
43
963
98
899
40
188
13
3
72
37
11
20
18
550
117
231
38
48
123
269
363
230
11
164
26
146
38
30
185
150
19
333
97
31
45
46
8
18
171
146
406
74
89
24
14
33
120
13
4
603
80
486
152
65
10
399
227
347
273
404
271
76
197
44
502
147
9
437
28
290
48
673
146
168
96
17
1656
32
372
64
77
53
173
155
6
499
5
89
21
30
118
145
88
118
45
70
63
28
1907
5
225
91
19
68
32
227
276
121
66
279
18
700
1428
3727
1784
293
789
305
6
14
32
11
145
32
397
235
10
17
620
773
727
2572
236
46
725
47
21
43
235
35
30
318
391
23
98
406
117
83
63
52
44
45
5
93
146
12
530
27
137
2306
4538
108
117
1379
18
12
108
415
26
242
90
242
25
93
53
377
31
229
5
63
97
77
69
59
33
73
2
446
936
316
617
322
154
529
568
161
148
122
95
109
1254
384
51
89
110
13
2139
274
10
15
46
51
145
22
105
550
27
674
32
231
291
275
133
299
38
1321
171
172
67
225
268
824
3251
106
52
110
36
148
12
42
36
480
2
9
38
469
29
187
9
47
132
22
62
971
23
307
377
14
530
21
133
157
21
114
69
8
141
14
54
67
23
192
63
136
1066
13
124
48
29
12
164
141
47
65
479
186
372
395
218
30
143
40
573
67
670
128
48
130
35
72
167
9
187
393
36
585
73
315
112
37
9
512
351
98
22
95
91
33
55
25
109
261
68
32
9
79
64
81
72
405
388
97
23
114
153
141
99
74
40
183
208
367
6
2
67
14
192
190
1142
137
26
8
185
233
141
1667
196
12
288
6627
152
39
48
104
96
383
380
146
406
389
110
34
136
400
88
365
173
87
66
303
376
339
90
20
146
233
144
65
20
4
104
3
27
346
517
414
785
7
696
73
20
27
164
82
20
562
21
63
29
26
92
194
71
118
116
13
39
78
109
32
1019
186
6
28
207
42
196
16
424
162
23
9
316
148
110
36
211
23
53
59
25
218
213
23
1214
296
229
86
67
503
66
33
116
273
219
143
22
71
327
44
291
77
46
19
21
116
2343
124
72
365
61
197
17
491
1087
1536
631
1100
12
305
3825
562
70
73
2204
11
42
72
28
8
292
103
220
20
32
512
21
325
58
53
1111
136
890
215
19
29
40
644
31
398
61
1
15
253
76
375
1
19
155
28
33
271
201
460
26
568
323
105
28
35
17
26
170
100
853
35
259
14
3869
78
61
72
56
43
54
104
163
102
12
78
93
27
112
835
19
99
191
24
493
197
354
32
16
729
65
644
4
70
21
69
453
26
