479
45
120
81
110
51
153
238
133
139
66
15
51
57
30
22
561
240
426
294
133
500
100
1436
114
144
580
11
28
56
400
88
161
228
171
413
295
52
347
283
524
99
33
101
230
76
331
718
49
84
47
85
181
124
606
75
172
456
236
78
133
179
75
29
86
426
192
196
76
174
81
138
142
729
1048
87
897
102
69
51
4
247
119
124
65
713
38
15
515
102
218
132
111
7
64
277
60
218
96
77
64
163
409
62
443
20
128
258
89
225
79
93
450
58
279
39
78
98
114
1877
341
201
397
531
180
76
16
486
134
12
120
241
72
22
256
948
169
280
103
78
59
12
170
59
94
120
71
86
84
362
157
47
53
79
182
456
727
103
36
78
100
7
269
318
186
87
32
272
141
214
337
163
258
322
137
24
739
20
206
77
39
32
282
36
610
47
157
112
24
420
815
541
293
829
214
266
248
2
346
196
141
60
280
43
143
77
40
251
279
55
160
59
13
897
449
176
127
243
522
55
23
34
41
1862
74
492
68
25
85
344
206
198
33
1760
63
60
323
35
223
43
77
29
69
7
80
77
331
211
20
100
198
161
160
275
240
97
85
56
201
31
78
345
138
79
79
94
63
49
74
715
769
59
396
31
152
413
143
98
14
88
217
14
460
122
185
315
67
45
1723
67
237
371
130
23
59
127
142
21
183
49
83
235
705
568
54
149
359
258
1935
34
48
304
204
96
81
196
356
24
405
1583
33
66
30
52
144
505
207
66
132
55
92
52
801
216
259
208
18
91
70
17
90
90
267
133
62
45
52
872
888
29
433
93
291
125
381
140
128
40
89
169
453
175
451
31
75
454
140
106
249
28
366
77
80
212
37
210
777
202
326
104
106
316
78
386
598
123
390
2676
130
68
1488
37
330
166
20
249
44
125
503
22
154
34
75
241
9
112
20
616
44
162
92
107
984
510
333
417
18
54
208
186
97
50
208
575
31
453
57
757
93
71
97
285
638
75
1435
250
57
90
30
286
33
570
47
309
43
784
29
271
62
271
441
103
99
49
48
415
180
392
82
42
149
37
204
68
101
58
291
119
455
28
226
78
891
32
298
14
86
131
55
515
95
16
177
507
145
53
146
421
676
64
95
388
371
112
19
341
146
173
19
56
41
308
125
312
50
43
130
46
74
265
1784
274
4890
295
64
939
46
166
195
98
76
5649
120
173
107
10
104
39
23
100
129
71
56
21
52
16
573
89
40
58
161
744
38
54
85
680
91
267
389
112
40
397
67
36
60
72
8
124
35
121
474
460
67
427
329
933
289
130
82
79
172
66
92
120
122
158
61
171
341
143
54
54
142
360
494
85
128
72
82
363
192
81
1087
20
90
617
107
140
198
51
568
21
157
386
90
441
53
6
55
133
16
320
498
18
194
345
186
91
36
22
108
829
320
85
92
79
169
37
156
42
227
478
188
83
50
94
47
146
318
278
78
40
41
18
160
65
116
220
6
34
290
73
192
176
200
50
76
11
705
55
1438
36
405
50
40
47
206
200
42
107
587
11
19
96
83
18
165
145
87
40
41
198
2088
57
30
360
81
45
183
204
54
127
124
195
286
225
40
259
137
28
121
31
100
437
84
38
520
324
692
1830
102
67
405
43
298
165
1386
163
75
34
40
101
96
31
105
153
201
12
14
429
76
230
161
45
232
126
101
1
13
101
792
67
333
423
407
433
413
62
204
9
151
48
247
636
50
67
137
124
71
12
234
590
351
115
530
212
304
20
74
50
131
28
40
139
5
330
463
297
17
96
62
134
82
225
35
403
82
465
466
160
59
440
70
192
355
350
22
99
211
145
18
224
39
360
285
19
336
524
46
286
73
159
480
35
108
107
107
154
1298
164
131
175
55
369
505
67
1579
179
25
87
209
126
33
203
17
142
82
187
360
91
161
154
38
686
153
565
112
51
229
91
388
201
222
210
234
203
43
99
185
434
37
172
57
75
331
52
419
644
92
56
37
321
200
10
105
95
79
140
302
736
12
114
60
129
65
198
325
191
43
123
170
125
109
63
320
60
9
435
973
785
266
132
3299
7
63
60
643
67
177
11170
39
223
93
285
13
686
666
676
213
160
1236
485
51
73
71
170
469
483
238
4
700
77
1014
133
51
89
99
2936
158
181
460
14
92
56
503
355
2689
93
22
338
144
100
423
589
573
389
219
44
61
82
335
19
94
97
298
572
127
37
13
92
80
72
224
110
506
252
34
7
82
90
122
136
81
65
187
48
216
28
76
153
128
37
21
444
159
142
127
179
349
155
211
52
116
138
43
122
217
259
53
99
105
87
89
290
36
311
348
135
56
310
36
102
167
113
298
66
176
189
278
270
23
65
180
183
14
131
498
59
396
203
40
961
69
48
69
69
359
370
225
236
59
610
90
38
93
22
13
28
107
393
226
211
107
39
38
115
11
72
221
216
513
337
49
209
74
293
260
539
57
36
270
72
58
71
35
24
74
746
34
188
227
71
266
246
46
227
629
25
54
117
553
449
53
75
226
249
161
215
238
50
20
133
417
354
53
404
70
62
102
50
83
85
505
26
133
190
19
235
33
89
227
110
4
28
46
227
475
66
128
54
23
6
1116
38
191
136
72
44
225
626
23
384
51
111
1009
1
66
138
132
91
557
366
103
33
57
109
19
204
125
49
35
52
52
20
88
100
342
2120
785
256
33
37
97
148
157
807
94
52
191
58
59
535
32
65
82
2316
116
83
80
116
149
19
232
29
80
54
38
499
167
72
22
91
205
153
227
661
71
74
243
79
123
42
35
41
764
36
178
22
71
111
161
204
80
12
93
472
20
253
75
71
104
208
121
36
671
484
108
100
199
108
35
330
185
339
390
29
84
2
44
216
84
69
111
327
77
213
427
48
113
598
309
46
379
60
162
249
118
359
326
158
71
366
22
23
21
484
258
58
140
12
251
33
23
69
192
13
265
55
364
79
59
163
17
576
66
55
510
17
79
148
347
48
85
22
38
63
50
49
35
91
288
151
50
43
102
348
128
49
183
92
648
140
9
11
60
208
215
281
208
81
66
189
43
87
23
106
230
33
12
77
20
295
83
175
229
375
154
43
77
24
23
219
176
63
23
335
62
347
181
488
56
59
7128
676
14
268
10
90
714
52
2335
257
9
179
450
111
327
108
23
27
173
107
42
128
119
596
56
254
46
44
86
58
63
57
44
39
101
90
23
558
68
337
203
12
4
747
60
169
276
238
100
256
175
193
53
53
116
328
16
228
50
162
493
538
1097
36
55
110
359
67
914
108
51
14
37
55
623
119
180
144
1
125
92
133
229
55
139
345
96
148
47
57
182
210
20
49
96
286
369
100
498
300
528
27
22
88
55
36
369
60
232
422
11
54
157
96
92
1352
89
101
360
123
183
44
146
431
67
15
97
46
12
69
34
706
20
199
109
76
90
249
81
89
277
125
225
615
1710
26
233
305
83
72
241
57
879
63
74
97
105
307
422
292
111
114
44
47
329
883
141
482
21
122
676
214
220
34
205
119
588
984
187
59
61
220
4
82
489
61
324
354
98
43
384
12
182
595
284
87
1045
205
183
1267
6638
474
90
134
205
57
77
47
186
349
35
236
231
96
317
80
6
239
42
4050
128
378
109
100
19
53
100
232
38
1149
189
149
30
208
85
106
52
52
77
51
111
33
15
229
0
182
109
211
153
226
6
36
348
207
24
647
26
716
89
59
1
105
249
55
17
234
195
79
46
752
46
87
315
16
192
45
71
65
85
71
671
8
256
78
36
35
72
47
147
474
69
179
288
124
12
140
47
35
225
138
207
22
1927
11
372
123
163
365
456
34
107
47
98
346
148
192
239
432
185
157
178
100
340
169
7
109
71
100
70
819
73
36
276
157
35
6
49
5
75
144
283
43
22
35
153
756
63
988
496
14
34
460
120
278
156
55
29
79
27
193
129
184
398
116
249
162
22
164
82
23
27
535
24
39
70
8
8
39
115
383
95
64
66
9
573
383
84
187
361
52
178
69
246
79
834
619
79
339
331
540
356
1206
119
151
244
51
172
352
52
39
565
319
96
725
119
196
98
68
0
99
110
458
540
95
85
24
379
5
88
117
344
118
142
588
604
211
242
81
142
78
106
94
37
175
72
128
182
68
91
34
54
347
106
36
302
373
47
39
497
104
80
12
113
51
254
93
279
34
62
21
590
122
51
35
318
74
537
63
980
847
198
105
69
183
11
53
259
389
44
234
41
439
232
73
12
84
57
112
53
82
416
87
6
10
18
43
51
146
78
169
314
65
128
45
68
211
365
34
620
704
604
88
18
103
95
274
422
100
78
41
309
85
124
297
25
60
221
108
1386
1114
682
111
72
8
411
157
220
87
194
61
353
193
314
20
98
8
30
382
11
39
95
13
40
53
372
540
102
75
69
27
86
63
67
1240
713
355
150
20
235
13
258
21
67
87
342
34
227
66
59
108
440
126
102
100
59
338
627
118
30
43
110
60
538
108
218
195
52
38
285
1364
478
41
809
378
199
60
107
17
61
224
57
557
68
160
659
406
357
46
